Id,Category
1,8
2,7
3,0
4,3
5,3
6,6
7,6
8,3
9,6
10,2
11,5
12,7
13,2
14,1
15,8
16,0
17,2
18,0
19,3
20,9
21,2
22,9
23,0
24,6
25,9
26,4
27,3
28,2
29,9
30,7
31,4
32,1
33,3
34,1
35,5
36,1
37,9
38,5
39,9
40,2
41,2
42,1
43,6
44,2
45,3
46,2
47,5
48,3
49,2
50,3
51,6
52,5
53,3
54,1
55,1
56,9
57,1
58,2
59,2
60,3
61,5
62,9
63,2
64,6
65,5
66,2
67,0
68,3
69,7
70,4
71,3
72,1
73,3
74,6
75,4
76,5
77,2
78,9
79,4
80,8
81,4
82,1
83,4
84,0
85,8
86,4
87,5
88,1
89,5
90,8
91,6
92,2
93,8
94,5
95,0
96,1
97,2
98,2
99,4
100,7
101,1
102,7
103,8
104,3
105,4
106,3
107,9
108,2
109,2
110,0
111,0
112,1
113,6
114,8
115,0
116,4
117,5
118,4
119,9
120,8
121,9
122,5
123,7
124,7
125,0
126,2
127,3
128,8
129,9
130,6
131,7
132,2
133,3
134,3
135,1
136,9
137,1
138,9
139,4
140,2
141,5
142,8
143,0
144,9
145,8
146,2
147,1
148,9
149,4
150,3
151,2
152,3
153,2
154,6
155,2
156,1
157,7
158,8
159,9
160,0
161,6
162,1
163,0
164,7
165,8
166,7
167,0
168,9
169,3
170,0
171,9
172,8
173,1
174,1
175,7
176,9
177,0
178,2
179,5
180,9
181,6
182,2
183,4
184,8
185,9
186,2
187,2
188,0
189,7
190,3
191,0
192,5
193,2
194,4
195,8
196,0
197,3
198,3
199,5
200,6
201,0
202,9
203,5
204,2
205,7
206,4
207,7
208,5
209,9
210,7
211,9
212,7
213,5
214,2
215,9
216,7
217,0
218,0
219,0
220,0
221,0
222,7
223,4
224,1
225,5
226,8
227,6
228,8
229,0
230,3
231,0
232,3
233,6
234,5
235,1
236,9
237,5
238,2
239,5
240,2
241,2
242,8
243,7
244,9
245,6
246,2
247,7
248,6
249,9
250,7
251,4
252,2
253,5
254,8
255,6
256,3
257,0
258,0
259,9
260,1
261,1
262,5
263,9
264,8
265,1
266,2
267,3
268,8
269,3
270,0
271,3
272,2
273,6
274,1
275,9
276,0
277,3
278,5
279,1
280,8
281,4
282,1
283,2
284,8
285,4
286,0
287,4
288,8
289,0
290,3
291,4
292,2
293,0
294,7
295,8
296,2
297,4
298,2
299,5
300,1
301,0
302,7
303,9
304,2
305,6
306,2
307,5
308,8
309,6
310,9
311,4
312,9
313,5
314,9
315,6
316,0
317,0
318,8
319,8
320,8
321,2
322,3
323,9
324,9
325,8
326,9
327,7
328,2
329,2
330,3
331,5
332,5
333,7
334,2
335,8
336,3
337,8
338,6
339,4
340,1
341,9
342,0
343,8
344,0
345,9
346,1
347,5
348,0
349,6
350,7
351,3
352,2
353,6
354,0
355,7
356,1
357,0
358,8
359,1
360,7
361,2
362,3
363,7
364,4
365,3
366,7
367,7
368,4
369,2
370,2
371,5
372,6
373,4
374,2
375,4
376,2
377,1
378,2
379,3
380,3
381,6
382,4
383,1
384,8
385,5
386,6
387,6
388,8
389,0
390,0
391,8
392,2
393,9
394,3
395,3
396,4
397,6
398,6
399,4
400,8
401,8
402,7
403,5
404,2
405,3
406,4
407,6
408,4
409,5
410,8
411,4
412,7
413,6
414,4
415,0
416,7
417,0
418,3
419,3
420,6
421,9
422,3
423,1
424,7
425,2
426,5
427,5
428,3
429,2
430,4
431,8
432,1
433,6
434,0
435,8
436,3
437,5
438,1
439,9
440,1
441,6
442,6
443,2
444,0
445,8
446,0
447,4
448,7
449,6
450,7
451,9
452,0
453,3
454,0
455,9
456,2
457,5
458,2
459,7
460,7
461,2
462,9
463,6
464,3
465,3
466,5
467,6
468,0
469,0
470,9
471,1
472,2
473,2
474,9
475,9
476,2
477,0
478,8
479,9
480,5
481,8
482,9
483,9
484,6
485,8
486,8
487,1
488,5
489,4
490,2
491,0
492,2
493,8
494,6
495,2
496,4
497,0
498,9
499,1
500,5
501,9
502,2
503,4
504,2
505,9
506,7
507,3
508,1
509,2
510,5
511,4
512,6
513,4
514,8
515,1
516,7
517,2
518,5
519,0
520,6
521,5
522,3
523,9
524,5
525,9
526,2
527,2
528,9
529,5
530,0
531,1
532,0
533,5
534,6
535,1
536,7
537,9
538,1
539,4
540,6
541,9
542,2
543,2
544,7
545,9
546,3
547,4
548,8
549,5
550,8
551,9
552,6
553,3
554,7
555,0
556,0
557,7
558,0
559,9
560,2
561,8
562,2
563,9
564,8
565,4
566,3
567,3
568,5
569,8
570,8
571,3
572,0
573,1
574,4
575,2
576,3
577,6
578,3
579,0
580,0
581,4
582,4
583,0
584,2
585,6
586,1
587,3
588,2
589,3
590,0
591,0
592,9
593,2
594,7
595,9
596,7
597,7
598,3
599,4
600,1
601,2
602,2
603,8
604,3
605,6
606,7
607,1
608,4
609,2
610,5
611,2
612,8
613,7
614,4
615,3
616,9
617,4
618,1
619,4
620,9
621,1
622,7
623,3
624,0
625,1
626,0
627,9
628,6
629,8
630,5
631,3
632,4
633,2
634,0
635,6
636,8
637,9
638,3
639,9
640,3
641,2
642,4
643,7
644,9
645,2
646,5
647,5
648,8
649,2
650,2
651,0
652,6
653,2
654,0
655,8
656,2
657,9
658,2
659,6
660,2
661,5
662,5
663,1
664,1
665,3
666,5
667,0
668,1
669,8
670,4
671,4
672,8
673,0
674,7
675,1
676,4
677,5
678,7
679,9
680,1
681,2
682,9
683,4
684,1
685,0
686,1
687,0
688,8
689,4
690,2
691,3
692,4
693,2
694,1
695,1
696,1
697,4
698,0
699,1
700,3
701,1
702,0
703,6
704,7
705,1
706,7
707,9
708,7
709,1
710,4
711,2
712,7
713,2
714,8
715,1
716,9
717,6
718,8
719,3
720,9
721,1
722,7
723,7
724,8
725,3
726,8
727,6
728,3
729,1
730,9
731,3
732,0
733,3
734,2
735,2
736,9
737,3
738,2
739,0
740,4
741,1
742,2
743,2
744,1
745,2
746,9
747,8
748,2
749,4
750,3
751,5
752,4
753,6
754,9
755,1
756,8
757,8
758,9
759,7
760,6
761,6
762,1
763,0
764,9
765,4
766,9
767,4
768,2
769,5
770,2
771,3
772,8
773,1
774,0
775,1
776,0
777,2
778,2
779,1
780,2
781,1
782,4
783,7
784,2
785,9
786,1
787,8
788,1
789,9
790,0
791,9
792,5
793,8
794,2
795,2
796,9
797,1
798,1
799,9
800,0
801,3
802,9
803,9
804,4
805,8
806,6
807,9
808,5
809,3
810,6
811,6
812,8
813,7
814,2
815,2
816,8
817,2
818,3
819,1
820,5
821,4
822,5
823,4
824,0
825,6
826,9
827,9
828,2
829,1
830,0
831,7
832,6
833,0
834,0
835,4
836,6
837,2
838,5
839,0
840,3
841,4
842,6
843,1
844,3
845,5
846,5
847,0
848,7
849,2
850,6
851,4
852,1
853,0
854,6
855,3
856,1
857,2
858,4
859,9
860,5
861,8
862,9
863,6
864,8
865,3
866,5
867,8
868,1
869,6
870,8
871,6
872,1
873,5
874,4
875,8
876,0
877,5
878,6
879,8
880,8
881,4
882,1
883,1
884,8
885,8
886,4
887,5
888,6
889,1
890,5
891,3
892,0
893,6
894,2
895,4
896,0
897,7
898,4
899,2
900,9
901,8
902,0
903,7
904,2
905,9
906,4
907,9
908,5
909,0
910,1
911,9
912,6
913,5
914,0
915,2
916,8
917,7
918,6
919,0
920,0
921,0
922,1
923,2
924,6
925,5
926,5
927,4
928,1
929,2
930,7
931,8
932,4
933,9
934,0
935,7
936,6
937,1
938,5
939,2
940,8
941,0
942,5
943,7
944,2
945,6
946,3
947,7
948,3
949,7
950,5
951,4
952,1
953,1
954,1
955,8
956,2
957,9
958,8
959,6
960,7
961,5
962,6
963,5
964,1
965,0
966,9
967,8
968,2
969,0
970,5
971,2
972,8
973,1
974,7
975,0
976,0
977,0
978,7
979,1
980,1
981,0
982,7
983,4
984,2
985,1
986,3
987,9
988,0
989,0
990,1
991,8
992,7
993,2
994,7
995,8
996,0
997,2
998,2
999,4
1000,4
1001,4
1002,0
1003,1
1004,0
1005,0
1006,4
1007,8
1008,0
1009,8
1010,0
1011,5
1012,3
1013,7
1014,7
1015,9
1016,1
1017,0
1018,7
1019,6
1020,3
1021,1
1022,7
1023,1
1024,6
1025,5
1026,2
1027,6
1028,0
1029,5
1030,3
1031,6
1032,4
1033,6
1034,5
1035,6
1036,6
1037,1
1038,4
1039,5
1040,2
1041,4
1042,5
1043,7
1044,1
1045,4
1046,1
1047,7
1048,5
1049,8
1050,3
1051,7
1052,0
1053,4
1054,1
1055,8
1056,7
1057,3
1058,4
1059,1
1060,1
1061,9
1062,5
1063,8
1064,8
1065,4
1066,8
1067,2
1068,3
1069,7
1070,4
1071,1
1072,2
1073,6
1074,8
1075,6
1076,3
1077,8
1078,7
1079,9
1080,1
1081,7
1082,3
1083,9
1084,7
1085,6
1086,4
1087,7
1088,7
1089,0
1090,3
1091,0
1092,7
1093,6
1094,7
1095,6
1096,0
1097,7
1098,2
1099,7
1100,0
1101,8
1102,7
1103,7
1104,1
1105,6
1106,9
1107,2
1108,6
1109,8
1110,8
1111,2
1112,8
1113,9
1114,3
1115,6
1116,7
1117,5
1118,3
1119,2
1120,3
1121,1
1122,3
1123,9
1124,1
1125,2
1126,3
1127,0
1128,9
1129,2
1130,4
1131,3
1132,0
1133,7
1134,9
1135,2
1136,2
1137,0
1138,0
1139,2
1140,0
1141,3
1142,9
1143,9
1144,9
1145,7
1146,6
1147,5
1148,6
1149,6
1150,3
1151,4
1152,8
1153,9
1154,2
1155,4
1156,8
1157,8
1158,9
1159,8
1160,7
1161,5
1162,3
1163,7
1164,4
1165,0
1166,8
1167,7
1168,9
1169,4
1170,8
1171,6
1172,2
1173,1
1174,0
1175,8
1176,3
1177,0
1178,8
1179,1
1180,0
1181,1
1182,1
1183,8
1184,4
1185,7
1186,2
1187,5
1188,3
1189,9
1190,3
1191,6
1192,7
1193,3
1194,1
1195,1
1196,1
1197,7
1198,0
1199,8
1200,6
1201,4
1202,9
1203,1
1204,4
1205,3
1206,7
1207,9
1208,1
1209,7
1210,8
1211,4
1212,6
1213,9
1214,3
1215,9
1216,6
1217,2
1218,3
1219,2
1220,8
1221,3
1222,4
1223,5
1224,9
1225,1
1226,1
1227,8
1228,1
1229,7
1230,3
1231,3
1232,3
1233,7
1234,7
1235,7
1236,1
1237,8
1238,3
1239,7
1240,3
1241,9
1242,3
1243,5
1244,0
1245,7
1246,5
1247,8
1248,1
1249,8
1250,2
1251,6
1252,4
1253,7
1254,7
1255,7
1256,9
1257,3
1258,0
1259,0
1260,9
1261,9
1262,3
1263,8
1264,3
1265,0
1266,8
1267,3
1268,9
1269,9
1270,8
1271,1
1272,0
1273,7
1274,3
1275,8
1276,0
1277,7
1278,6
1279,2
1280,4
1281,6
1282,3
1283,5
1284,2
1285,6
1286,3
1287,9
1288,8
1289,9
1290,1
1291,8
1292,2
1293,3
1294,1
1295,4
1296,0
1297,4
1298,8
1299,1
1300,4
1301,0
1302,0
1303,3
1304,8
1305,6
1306,8
1307,3
1308,5
1309,7
1310,6
1311,5
1312,1
1313,0
1314,7
1315,2
1316,0
1317,4
1318,0
1319,3
1320,2
1321,4
1322,4
1323,6
1324,2
1325,4
1326,9
1327,1
1328,2
1329,4
1330,4
1331,3
1332,1
1333,3
1334,5
1335,1
1336,2
1337,1
1338,5
1339,4
1340,4
1341,4
1342,4
1343,9
1344,4
1345,2
1346,8
1347,6
1348,8
1349,0
1350,0
1351,9
1352,0
1353,8
1354,4
1355,9
1356,8
1357,7
1358,7
1359,4
1360,7
1361,5
1362,6
1363,1
1364,8
1365,1
1366,8
1367,5
1368,2
1369,9
1370,5
1371,3
1372,4
1373,8
1374,9
1375,0
1376,3
1377,7
1378,5
1379,2
1380,7
1381,7
1382,5
1383,8
1384,1
1385,0
1386,0
1387,8
1388,7
1389,8
1390,1
1391,6
1392,6
1393,2
1394,4
1395,8
1396,7
1397,7
1398,1
1399,6
1400,4
1401,9
1402,9
1403,7
1404,7
1405,3
1406,1
1407,4
1408,8
1409,3
1410,2
1411,2
1412,8
1413,6
1414,9
1415,8
1416,1
1417,8
1418,8
1419,5
1420,3
1421,7
1422,3
1423,1
1424,5
1425,6
1426,0
1427,4
1428,0
1429,3
1430,8
1431,6
1432,5
1433,3
1434,3
1435,6
1436,4
1437,9
1438,1
1439,4
1440,5
1441,4
1442,0
1443,3
1444,1
1445,3
1446,9
1447,4
1448,5
1449,4
1450,9
1451,9
1452,3
1453,7
1454,3
1455,1
1456,5
1457,4
1458,8
1459,9
1460,5
1461,3
1462,7
1463,5
1464,1
1465,5
1466,1
1467,0
1468,2
1469,9
1470,2
1471,1
1472,8
1473,2
1474,6
1475,8
1476,5
1477,3
1478,5
1479,8
1480,3
1481,4
1482,0
1483,3
1484,7
1485,0
1486,7
1487,3
1488,1
1489,0
1490,1
1491,2
1492,8
1493,7
1494,4
1495,1
1496,6
1497,0
1498,4
1499,4
1500,8
1501,3
1502,1
1503,8
1504,3
1505,2
1506,0
1507,6
1508,1
1509,9
1510,6
1511,6
1512,3
1513,1
1514,6
1515,1
1516,5
1517,5
1518,4
1519,3
1520,8
1521,8
1522,0
1523,1
1524,1
1525,1
1526,3
1527,2
1528,1
1529,3
1530,1
1531,1
1532,6
1533,2
1534,8
1535,2
1536,6
1537,4
1538,3
1539,7
1540,3
1541,1
1542,8
1543,5
1544,9
1545,1
1546,5
1547,7
1548,0
1549,3
1550,3
1551,5
1552,9
1553,7
1554,6
1555,9
1556,6
1557,4
1558,3
1559,5
1560,4
1561,7
1562,6
1563,4
1564,6
1565,1
1566,3
1567,8
1568,5
1569,7
1570,4
1571,8
1572,9
1573,4
1574,5
1575,5
1576,6
1577,8
1578,8
1579,4
1580,0
1581,3
1582,6
1583,1
1584,3
1585,7
1586,0
1587,4
1588,0
1589,1
1590,5
1591,4
1592,8
1593,4
1594,0
1595,4
1596,6
1597,0
1598,6
1599,8
1600,1
1601,1
1602,8
1603,5
1604,0
1605,0
1606,4
1607,8
1608,0
1609,8
1610,2
1611,8
1612,3
1613,9
1614,5
1615,8
1616,7
1617,5
1618,7
1619,0
1620,5
1621,5
1622,6
1623,7
1624,4
1625,1
1626,1
1627,6
1628,7
1629,0
1630,1
1631,9
1632,1
1633,6
1634,0
1635,7
1636,7
1637,8
1638,4
1639,0
1640,7
1641,7
1642,8
1643,5
1644,6
1645,9
1646,8
1647,7
1648,8
1649,3
1650,7
1651,3
1652,4
1653,1
1654,9
1655,2
1656,0
1657,0
1658,7
1659,1
1660,0
1661,0
1662,1
1663,1
1664,1
1665,7
1666,0
1667,4
1668,4
1669,7
1670,7
1671,0
1672,4
1673,8
1674,0
1675,6
1676,2
1677,5
1678,8
1679,5
1680,4
1681,6
1682,7
1683,8
1684,8
1685,4
1686,1
1687,0
1688,8
1689,1
1690,8
1691,2
1692,1
1693,5
1694,3
1695,8
1696,8
1697,9
1698,6
1699,5
1700,8
1701,1
1702,6
1703,5
1704,8
1705,6
1706,7
1707,6
1708,4
1709,4
1710,8
1711,8
1712,6
1713,9
1714,1
1715,8
1716,7
1717,9
1718,7
1719,6
1720,7
1721,8
1722,0
1723,6
1724,7
1725,6
1726,6
1727,1
1728,4
1729,4
1730,8
1731,5
1732,8
1733,2
1734,8
1735,6
1736,6
1737,7
1738,4
1739,3
1740,8
1741,6
1742,8
1743,4
1744,6
1745,9
1746,3
1747,2
1748,8
1749,7
1750,7
1751,2
1752,5
1753,4
1754,7
1755,9
1756,1
1757,5
1758,7
1759,4
1760,0
1761,7
1762,1
1763,4
1764,9
1765,3
1766,5
1767,0
1768,8
1769,4
1770,7
1771,6
1772,4
1773,6
1774,5
1775,4
1776,8
1777,1
1778,2
1779,7
1780,6
1781,6
1782,9
1783,7
1784,3
1785,2
1786,0
1787,9
1788,6
1789,5
1790,8
1791,3
1792,0
1793,1
1794,4
1795,9
1796,2
1797,7
1798,8
1799,3
1800,6
1801,8
1802,6
1803,9
1804,9
1805,8
1806,0
1807,5
1808,2
1809,8
1810,9
1811,5
1812,3
1813,7
1814,4
1815,0
1816,7
1817,2
1818,6
1819,0
1820,4
1821,2
1822,3
1823,5
1824,1
1825,5
1826,6
1827,6
1828,8
1829,9
1830,8
1831,7
1832,5
1833,2
1834,8
1835,7
1836,2
1837,2
1838,9
1839,5
1840,9
1841,8
1842,5
1843,2
1844,0
1845,7
1846,4
1847,9
1848,1
1849,7
1850,5
1851,5
1852,7
1853,9
1854,5
1855,8
1856,3
1857,5
1858,9
1859,9
1860,8
1861,3
1862,2
1863,6
1864,4
1865,3
1866,3
1867,9
1868,6
1869,4
1870,1
1871,2
1872,0
1873,1
1874,8
1875,0
1876,0
1877,0
1878,7
1879,3
1880,5
1881,4
1882,7
1883,8
1884,3
1885,1
1886,7
1887,0
1888,8
1889,3
1890,1
1891,1
1892,3
1893,8
1894,4
1895,8
1896,4
1897,0
1898,2
1899,3
1900,2
1901,4
1902,6
1903,5
1904,8
1905,7
1906,5
1907,0
1908,7
1909,2
1910,5
1911,1
1912,6
1913,8
1914,5
1915,1
1916,8
1917,8
1918,2
1919,2
1920,5
1921,9
1922,9
1923,8
1924,4
1925,4
1926,5
1927,0
1928,7
1929,1
1930,7
1931,5
1932,9
1933,0
1934,5
1935,2
1936,7
1937,9
1938,6
1939,3
1940,2
1941,8
1942,2
1943,3
1944,1
1945,3
1946,6
1947,4
1948,3
1949,1
1950,3
1951,6
1952,5
1953,7
1954,1
1955,0
1956,2
1957,8
1958,6
1959,9
1960,9
1961,7
1962,5
1963,8
1964,6
1965,6
1966,0
1967,1
1968,6
1969,2
1970,4
1971,2
1972,3
1973,1
1974,0
1975,1
1976,0
1977,1
1978,1
1979,1
1980,7
1981,9
1982,0
1983,9
1984,5
1985,0
1986,0
1987,9
1988,7
1989,4
1990,1
1991,5
1992,3
1993,1
1994,2
1995,3
1996,3
1997,0
1998,0
1999,7
2000,5
2001,6
2002,9
2003,7
2004,6
2005,5
2006,5
2007,4
2008,4
2009,5
2010,3
2011,4
2012,4
2013,7
2014,4
2015,8
2016,0
2017,7
2018,1
2019,9
2020,9
2021,6
2022,2
2023,5
2024,5
2025,0
2026,6
2027,0
2028,9
2029,3
2030,3
2031,0
2032,2
2033,7
2034,9
2035,0
2036,8
2037,8
2038,8
2039,2
2040,6
2041,0
2042,9
2043,9
2044,8
2045,9
2046,7
2047,9
2048,3
2049,5
2050,2
2051,6
2052,3
2053,7
2054,0
2055,2
2056,1
2057,6
2058,6
2059,4
2060,8
2061,4
2062,9
2063,9
2064,7
2065,8
2066,8
2067,7
2068,3
2069,4
2070,9
2071,8
2072,7
2073,1
2074,0
2075,4
2076,4
2077,1
2078,3
2079,6
2080,5
2081,1
2082,5
2083,3
2084,3
2085,3
2086,2
2087,7
2088,0
2089,9
2090,6
2091,5
2092,8
2093,4
2094,1
2095,7
2096,1
2097,5
2098,1
2099,7
2100,8
2101,1
2102,0
2103,4
2104,0
2105,0
2106,8
2107,2
2108,9
2109,3
2110,0
2111,5
2112,5
2113,8
2114,8
2115,2
2116,8
2117,1
2118,1
2119,6
2120,0
2121,4
2122,5
2123,2
2124,6
2125,8
2126,3
2127,0
2128,6
2129,1
2130,2
2131,4
2132,0
2133,9
2134,9
2135,8
2136,1
2137,5
2138,8
2139,9
2140,1
2141,2
2142,7
2143,2
2144,1
2145,8
2146,8
2147,0
2148,7
2149,9
2150,6
2151,9
2152,7
2153,1
2154,8
2155,1
2156,3
2157,7
2158,8
2159,4
2160,4
2161,8
2162,5
2163,9
2164,6
2165,3
2166,8
2167,2
2168,7
2169,0
2170,3
2171,6
2172,8
2173,2
2174,3
2175,7
2176,4
2177,9
2178,1
2179,0
2180,2
2181,9
2182,8
2183,4
2184,0
2185,2
2186,0
2187,8
2188,7
2189,9
2190,8
2191,0
2192,2
2193,7
2194,3
2195,9
2196,1
2197,3
2198,7
2199,5
2200,9
2201,6
2202,9
2203,0
2204,0
2205,8
2206,5
2207,0
2208,2
2209,4
2210,2
2211,6
2212,1
2213,7
2214,5
2215,8
2216,0
2217,4
2218,8
2219,8
2220,8
2221,2
2222,4
2223,8
2224,9
2225,5
2226,8
2227,9
2228,0
2229,4
2230,5
2231,4
2232,0
2233,7
2234,1
2235,0
2236,0
2237,4
2238,3
2239,8
2240,4
2241,1
2242,2
2243,8
2244,1
2245,3
2246,3
2247,9
2248,6
2249,8
2250,9
2251,3
2252,8
2253,1
2254,1
2255,2
2256,6
2257,3
2258,0
2259,2
2260,1
2261,2
2262,9
2263,8
2264,4
2265,0
2266,6
2267,6
2268,6
2269,9
2270,4
2271,0
2272,0
2273,2
2274,1
2275,4
2276,1
2277,2
2278,1
2279,8
2280,2
2281,1
2282,4
2283,4
2284,8
2285,9
2286,6
2287,8
2288,3
2289,4
2290,0
2291,5
2292,2
2293,5
2294,7
2295,0
2296,0
2297,2
2298,2
2299,6
2300,9
2301,1
2302,8
2303,8
2304,8
2305,3
2306,8
2307,2
2308,4
2309,9
2310,1
2311,1
2312,8
2313,6
2314,2
2315,2
2316,8
2317,9
2318,1
2319,1
2320,2
2321,9
2322,7
2323,5
2324,1
2325,3
2326,5
2327,2
2328,8
2329,8
2330,6
2331,2
2332,9
2333,5
2334,5
2335,8
2336,4
2337,4
2338,2
2339,4
2340,2
2341,7
2342,7
2343,7
2344,9
2345,3
2346,5
2347,1
2348,3
2349,5
2350,9
2351,3
2352,8
2353,9
2354,3
2355,7
2356,1
2357,7
2358,5
2359,2
2360,3
2361,0
2362,2
2363,7
2364,7
2365,7
2366,1
2367,9
2368,3
2369,8
2370,1
2371,0
2372,9
2373,7
2374,1
2375,0
2376,9
2377,9
2378,8
2379,4
2380,6
2381,1
2382,8
2383,0
2384,3
2385,2
2386,1
2387,9
2388,8
2389,2
2390,1
2391,8
2392,0
2393,3
2394,9
2395,8
2396,7
2397,7
2398,6
2399,1
2400,9
2401,9
2402,1
2403,0
2404,5
2405,0
2406,1
2407,5
2408,7
2409,9
2410,0
2411,3
2412,0
2413,3
2414,5
2415,7
2416,6
2417,0
2418,3
2419,6
2420,0
2421,8
2422,1
2423,0
2424,1
2425,9
2426,3
2427,8
2428,5
2429,2
2430,6
2431,1
2432,9
2433,3
2434,9
2435,1
2436,5
2437,4
2438,0
2439,2
2440,0
2441,0
2442,3
2443,6
2444,4
2445,2
2446,7
2447,5
2448,7
2449,1
2450,2
2451,9
2452,9
2453,9
2454,3
2455,6
2456,8
2457,3
2458,8
2459,1
2460,3
2461,3
2462,7
2463,0
2464,2
2465,7
2466,2
2467,1
2468,4
2469,5
2470,3
2471,1
2472,4
2473,9
2474,5
2475,3
2476,2
2477,6
2478,4
2479,9
2480,3
2481,8
2482,0
2483,5
2484,1
2485,6
2486,5
2487,4
2488,2
2489,3
2490,7
2491,5
2492,0
2493,1
2494,1
2495,5
2496,7
2497,1
2498,1
2499,3
2500,5
2501,5
2502,1
2503,3
2504,9
2505,3
2506,1
2507,7
2508,0
2509,6
2510,3
2511,8
2512,6
2513,1
2514,5
2515,8
2516,3
2517,7
2518,6
2519,4
2520,4
2521,6
2522,6
2523,0
2524,7
2525,7
2526,2
2527,0
2528,6
2529,5
2530,5
2531,4
2532,7
2533,9
2534,8
2535,2
2536,7
2537,8
2538,9
2539,7
2540,4
2541,3
2542,6
2543,3
2544,9
2545,4
2546,9
2547,2
2548,4
2549,2
2550,8
2551,8
2552,5
2553,1
2554,4
2555,1
2556,7
2557,0
2558,4
2559,0
2560,8
2561,8
2562,4
2563,8
2564,2
2565,3
2566,7
2567,5
2568,8
2569,5
2570,9
2571,3
2572,0
2573,3
2574,0
2575,8
2576,3
2577,2
2578,3
2579,6
2580,6
2581,7
2582,5
2583,5
2584,0
2585,9
2586,5
2587,2
2588,3
2589,2
2590,4
2591,3
2592,0
2593,9
2594,4
2595,0
2596,0
2597,5
2598,9
2599,7
2600,4
2601,3
2602,7
2603,8
2604,8
2605,4
2606,5
2607,6
2608,8
2609,0
2610,6
2611,3
2612,0
2613,3
2614,2
2615,5
2616,7
2617,2
2618,2
2619,2
2620,3
2621,0
2622,3
2623,0
2624,0
2625,5
2626,5
2627,0
2628,5
2629,5
2630,4
2631,7
2632,1
2633,5
2634,2
2635,1
2636,6
2637,4
2638,5
2639,8
2640,1
2641,7
2642,2
2643,0
2644,2
2645,8
2646,3
2647,3
2648,4
2649,7
2650,8
2651,3
2652,0
2653,7
2654,5
2655,9
2656,2
2657,8
2658,1
2659,4
2660,3
2661,8
2662,1
2663,2
2664,9
2665,4
2666,7
2667,8
2668,5
2669,6
2670,4
2671,3
2672,7
2673,5
2674,8
2675,4
2676,5
2677,2
2678,8
2679,1
2680,2
2681,2
2682,6
2683,1
2684,2
2685,2
2686,5
2687,5
2688,7
2689,9
2690,7
2691,5
2692,9
2693,7
2694,7
2695,7
2696,7
2697,9
2698,3
2699,8
2700,7
2701,0
2702,8
2703,9
2704,8
2705,4
2706,3
2707,2
2708,8
2709,0
2710,3
2711,8
2712,7
2713,8
2714,9
2715,9
2716,9
2717,7
2718,0
2719,6
2720,6
2721,3
2722,1
2723,1
2724,5
2725,9
2726,0
2727,0
2728,5
2729,7
2730,7
2731,0
2732,3
2733,9
2734,8
2735,3
2736,3
2737,8
2738,8
2739,0
2740,8
2741,9
2742,7
2743,4
2744,3
2745,2
2746,5
2747,9
2748,9
2749,3
2750,3
2751,9
2752,0
2753,8
2754,2
2755,3
2756,3
2757,8
2758,7
2759,8
2760,1
2761,6
2762,1
2763,2
2764,9
2765,5
2766,5
2767,2
2768,4
2769,4
2770,6
2771,2
2772,0
2773,6
2774,5
2775,1
2776,9
2777,1
2778,8
2779,8
2780,5
2781,3
2782,0
2783,0
2784,5
2785,6
2786,7
2787,3
2788,4
2789,0
2790,9
2791,4
2792,3
2793,2
2794,7
2795,5
2796,1
2797,2
2798,7
2799,8
2800,1
2801,9
2802,8
2803,2
2804,2
2805,6
2806,3
2807,0
2808,0
2809,7
2810,6
2811,3
2812,0
2813,5
2814,2
2815,8
2816,9
2817,4
2818,2
2819,0
2820,9
2821,8
2822,3
2823,7
2824,3
2825,8
2826,2
2827,0
2828,0
2829,4
2830,0
2831,0
2832,5
2833,4
2834,1
2835,5
2836,0
2837,8
2838,5
2839,2
2840,5
2841,1
2842,0
2843,5
2844,8
2845,9
2846,6
2847,6
2848,2
2849,3
2850,4
2851,1
2852,6
2853,3
2854,0
2855,0
2856,3
2857,1
2858,6
2859,7
2860,0
2861,6
2862,0
2863,4
2864,3
2865,9
2866,2
2867,4
2868,0
2869,3
2870,2
2871,0
2872,1
2873,3
2874,0
2875,3
2876,9
2877,1
2878,8
2879,3
2880,4
2881,4
2882,2
2883,1
2884,2
2885,9
2886,4
2887,1
2888,2
2889,4
2890,4
2891,6
2892,4
2893,2
2894,5
2895,6
2896,8
2897,0
2898,6
2899,9
2900,2
2901,7
2902,8
2903,4
2904,8
2905,8
2906,9
2907,8
2908,2
2909,4
2910,9
2911,6
2912,6
2913,1
2914,1
2915,9
2916,5
2917,5
2918,2
2919,1
2920,6
2921,6
2922,4
2923,6
2924,8
2925,0
2926,2
2927,7
2928,4
2929,0
2930,8
2931,2
2932,7
2933,3
2934,6
2935,2
2936,8
2937,5
2938,5
2939,1
2940,9
2941,8
2942,6
2943,4
2944,3
2945,6
2946,9
2947,5
2948,5
2949,2
2950,7
2951,5
2952,4
2953,3
2954,5
2955,2
2956,3
2957,8
2958,5
2959,2
2960,2
2961,9
2962,0
2963,5
2964,0
2965,5
2966,6
2967,9
2968,5
2969,4
2970,4
2971,3
2972,3
2973,4
2974,3
2975,7
2976,3
2977,0
2978,0
2979,4
2980,6
2981,7
2982,7
2983,2
2984,8
2985,4
2986,3
2987,5
2988,3
2989,1
2990,3
2991,7
2992,1
2993,8
2994,4
2995,8
2996,5
2997,7
2998,7
2999,8
3000,2
3001,5
3002,5
3003,4
3004,2
3005,4
3006,4
3007,9
3008,8
3009,2
3010,0
3011,9
3012,3
3013,4
3014,7
3015,3
3016,2
3017,1
3018,1
3019,7
3020,1
3021,3
3022,7
3023,2
3024,9
3025,1
3026,9
3027,2
3028,9
3029,5
3030,3
3031,9
3032,8
3033,2
3034,3
3035,8
3036,6
3037,6
3038,1
3039,1
3040,6
3041,3
3042,4
3043,6
3044,5
3045,0
3046,2
3047,8
3048,4
3049,2
3050,9
3051,7
3052,7
3053,1
3054,1
3055,1
3056,1
3057,6
3058,0
3059,3
3060,8
3061,2
3062,8
3063,6
3064,7
3065,8
3066,6
3067,6
3068,8
3069,2
3070,0
3071,3
3072,8
3073,5
3074,3
3075,1
3076,4
3077,7
3078,2
3079,1
3080,6
3081,4
3082,3
3083,1
3084,0
3085,1
3086,9
3087,5
3088,9
3089,2
3090,8
3091,4
3092,7
3093,6
3094,7
3095,8
3096,1
3097,0
3098,7
3099,9
3100,4
3101,8
3102,1
3103,0
3104,7
3105,7
3106,1
3107,6
3108,3
3109,8
3110,8
3111,2
3112,6
3113,7
3114,0
3115,6
3116,2
3117,9
3118,9
3119,4
3120,7
3121,1
3122,2
3123,9
3124,4
3125,0
3126,3
3127,1
3128,0
3129,7
3130,6
3131,1
3132,3
3133,7
3134,8
3135,3
3136,4
3137,4
3138,0
3139,9
3140,0
3141,5
3142,9
3143,5
3144,0
3145,5
3146,8
3147,1
3148,4
3149,2
3150,5
3151,2
3152,6
3153,3
3154,2
3155,6
3156,9
3157,8
3158,2
3159,5
3160,1
3161,3
3162,6
3163,3
3164,8
3165,7
3166,9
3167,3
3168,5
3169,4
3170,8
3171,1
3172,8
3173,6
3174,4
3175,7
3176,9
3177,7
3178,9
3179,2
3180,1
3181,4
3182,9
3183,3
3184,7
3185,5
3186,7
3187,2
3188,5
3189,1
3190,3
3191,2
3192,5
3193,6
3194,2
3195,5
3196,5
3197,6
3198,2
3199,5
3200,1
3201,6
3202,8
3203,0
3204,7
3205,0
3206,2
3207,6
3208,3
3209,5
3210,1
3211,4
3212,9
3213,1
3214,0
3215,4
3216,2
3217,9
3218,6
3219,8
3220,1
3221,9
3222,1
3223,6
3224,9
3225,1
3226,7
3227,4
3228,5
3229,6
3230,3
3231,1
3232,5
3233,6
3234,6
3235,3
3236,6
3237,7
3238,6
3239,0
3240,6
3241,5
3242,2
3243,8
3244,6
3245,9
3246,8
3247,2
3248,2
3249,9
3250,6
3251,1
3252,4
3253,4
3254,7
3255,7
3256,1
3257,3
3258,1
3259,5
3260,7
3261,6
3262,1
3263,2
3264,9
3265,4
3266,8
3267,5
3268,7
3269,0
3270,0
3271,5
3272,9
3273,8
3274,1
3275,4
3276,1
3277,6
3278,6
3279,0
3280,8
3281,1
3282,0
3283,9
3284,2
3285,3
3286,2
3287,0
3288,0
3289,9
3290,8
3291,8
3292,9
3293,7
3294,4
3295,3
3296,2
3297,2
3298,9
3299,0
3300,7
3301,4
3302,2
3303,0
3304,4
3305,1
3306,7
3307,0
3308,8
3309,9
3310,1
3311,3
3312,2
3313,9
3314,4
3315,3
3316,7
3317,4
3318,1
3319,7
3320,1
3321,9
3322,0
3323,3
3324,7
3325,0
3326,9
3327,1
3328,8
3329,8
3330,0
3331,1
3332,8
3333,2
3334,5
3335,0
3336,3
3337,2
3338,6
3339,2
3340,5
3341,9
3342,6
3343,3
3344,9
3345,7
3346,2
3347,5
3348,4
3349,5
3350,1
3351,1
3352,0
3353,9
3354,9
3355,1
3356,2
3357,0
3358,7
3359,8
3360,8
3361,3
3362,7
3363,8
3364,9
3365,5
3366,5
3367,2
3368,5
3369,0
3370,3
3371,2
3372,0
3373,0
3374,3
3375,2
3376,7
3377,5
3378,8
3379,1
3380,0
3381,1
3382,7
3383,0
3384,7
3385,3
3386,4
3387,1
3388,6
3389,3
3390,1
3391,2
3392,1
3393,5
3394,0
3395,4
3396,1
3397,3
3398,5
3399,9
3400,0
3401,7
3402,0
3403,1
3404,4
3405,4
3406,8
3407,1
3408,0
3409,7
3410,2
3411,6
3412,9
3413,7
3414,2
3415,0
3416,0
3417,1
3418,4
3419,7
3420,7
3421,7
3422,7
3423,9
3424,2
3425,8
3426,9
3427,7
3428,8
3429,0
3430,3
3431,0
3432,4
3433,0
3434,5
3435,7
3436,3
3437,3
3438,2
3439,0
3440,7
3441,9
3442,4
3443,8
3444,2
3445,6
3446,5
3447,7
3448,4
3449,7
3450,4
3451,1
3452,0
3453,5
3454,0
3455,3
3456,7
3457,5
3458,8
3459,9
3460,0
3461,5
3462,1
3463,2
3464,5
3465,0
3466,1
3467,6
3468,4
3469,0
3470,2
3471,7
3472,8
3473,0
3474,6
3475,0
3476,6
3477,9
3478,8
3479,1
3480,3
3481,0
3482,3
3483,0
3484,9
3485,1
3486,9
3487,7
3488,0
3489,3
3490,8
3491,8
3492,7
3493,2
3494,6
3495,9
3496,6
3497,0
3498,6
3499,7
3500,4
3501,5
3502,2
3503,5
3504,6
3505,3
3506,0
3507,2
3508,1
3509,6
3510,4
3511,3
3512,2
3513,2
3514,1
3515,1
3516,7
3517,4
3518,4
3519,7
3520,8
3521,1
3522,8
3523,4
3524,1
3525,4
3526,7
3527,8
3528,5
3529,8
3530,8
3531,3
3532,9
3533,2
3534,9
3535,9
3536,1
3537,0
3538,9
3539,3
3540,8
3541,9
3542,2
3543,0
3544,0
3545,6
3546,9
3547,8
3548,3
3549,1
3550,6
3551,0
3552,1
3553,8
3554,2
3555,9
3556,0
3557,3
3558,6
3559,8
3560,0
3561,4
3562,3
3563,2
3564,0
3565,2
3566,2
3567,5
3568,5
3569,2
3570,1
3571,9
3572,1
3573,3
3574,9
3575,2
3576,2
3577,5
3578,0
3579,8
3580,7
3581,8
3582,4
3583,8
3584,8
3585,6
3586,7
3587,0
3588,0
3589,0
3590,1
3591,7
3592,3
3593,8
3594,0
3595,0
3596,4
3597,5
3598,3
3599,7
3600,5
3601,6
3602,4
3603,6
3604,3
3605,0
3606,4
3607,8
3608,1
3609,5
3610,9
3611,8
3612,8
3613,8
3614,3
3615,8
3616,9
3617,3
3618,8
3619,6
3620,1
3621,4
3622,1
3623,8
3624,8
3625,3
3626,0
3627,4
3628,6
3629,5
3630,9
3631,6
3632,4
3633,5
3634,2
3635,0
3636,4
3637,8
3638,2
3639,0
3640,5
3641,9
3642,8
3643,9
3644,1
3645,6
3646,7
3647,3
3648,8
3649,7
3650,2
3651,0
3652,9
3653,9
3654,0
3655,0
3656,5
3657,7
3658,9
3659,0
3660,5
3661,3
3662,1
3663,2
3664,8
3665,8
3666,9
3667,0
3668,1
3669,7
3670,8
3671,0
3672,3
3673,3
3674,6
3675,2
3676,7
3677,2
3678,8
3679,9
3680,5
3681,0
3682,1
3683,7
3684,3
3685,6
3686,2
3687,4
3688,0
3689,7
3690,0
3691,4
3692,2
3693,7
3694,3
3695,4
3696,0
3697,9
3698,5
3699,6
3700,5
3701,5
3702,8
3703,4
3704,7
3705,2
3706,3
3707,4
3708,3
3709,4
3710,5
3711,3
3712,9
3713,3
3714,9
3715,3
3716,5
3717,7
3718,1
3719,1
3720,6
3721,6
3722,1
3723,8
3724,0
3725,3
3726,4
3727,4
3728,8
3729,7
3730,1
3731,8
3732,6
3733,8
3734,4
3735,8
3736,9
3737,9
3738,0
3739,3
3740,8
3741,2
3742,4
3743,3
3744,0
3745,3
3746,6
3747,3
3748,8
3749,0
3750,6
3751,5
3752,2
3753,4
3754,1
3755,7
3756,5
3757,0
3758,7
3759,8
3760,1
3761,1
3762,0
3763,7
3764,2
3765,8
3766,8
3767,6
3768,2
3769,9
3770,8
3771,4
3772,9
3773,3
3774,5
3775,6
3776,1
3777,7
3778,5
3779,8
3780,2
3781,4
3782,8
3783,5
3784,7
3785,0
3786,2
3787,7
3788,6
3789,8
3790,0
3791,3
3792,0
3793,7
3794,9
3795,1
3796,2
3797,8
3798,9
3799,7
3800,2
3801,2
3802,2
3803,2
3804,3
3805,1
3806,7
3807,2
3808,0
3809,3
3810,6
3811,9
3812,7
3813,6
3814,0
3815,2
3816,6
3817,5
3818,0
3819,9
3820,9
3821,3
3822,9
3823,2
3824,3
3825,0
3826,1
3827,9
3828,2
3829,1
3830,6
3831,6
3832,9
3833,5
3834,4
3835,7
3836,2
3837,2
3838,3
3839,8
3840,6
3841,6
3842,2
3843,8
3844,0
3845,5
3846,1
3847,7
3848,8
3849,3
3850,7
3851,4
3852,5
3853,8
3854,8
3855,2
3856,4
3857,8
3858,5
3859,6
3860,1
3861,4
3862,7
3863,5
3864,3
3865,1
3866,7
3867,9
3868,0
3869,7
3870,3
3871,5
3872,0
3873,3
3874,1
3875,0
3876,2
3877,0
3878,5
3879,7
3880,7
3881,8
3882,3
3883,0
3884,7
3885,4
3886,1
3887,2
3888,4
3889,5
3890,0
3891,0
3892,2
3893,8
3894,8
3895,8
3896,8
3897,5
3898,6
3899,9
3900,8
3901,0
3902,5
3903,7
3904,4
3905,2
3906,2
3907,2
3908,9
3909,8
3910,4
3911,8
3912,9
3913,8
3914,9
3915,4
3916,3
3917,3
3918,5
3919,8
3920,8
3921,6
3922,7
3923,6
3924,7
3925,9
3926,5
3927,6
3928,8
3929,2
3930,7
3931,1
3932,1
3933,4
3934,6
3935,7
3936,8
3937,9
3938,8
3939,9
3940,3
3941,8
3942,0
3943,8
3944,9
3945,8
3946,2
3947,9
3948,8
3949,1
3950,8
3951,3
3952,3
3953,1
3954,4
3955,2
3956,4
3957,1
3958,1
3959,9
3960,2
3961,8
3962,5
3963,6
3964,8
3965,0
3966,7
3967,1
3968,3
3969,3
3970,4
3971,7
3972,9
3973,0
3974,3
3975,4
3976,0
3977,8
3978,4
3979,2
3980,4
3981,6
3982,1
3983,7
3984,4
3985,1
3986,5
3987,0
3988,3
3989,3
3990,7
3991,2
3992,4
3993,3
3994,5
3995,5
3996,3
3997,4
3998,9
3999,4
4000,1
4001,1
4002,3
4003,7
4004,8
4005,5
4006,4
4007,2
4008,3
4009,6
4010,7
4011,2
4012,5
4013,2
4014,8
4015,6
4016,0
4017,1
4018,6
4019,9
4020,8
4021,5
4022,5
4023,7
4024,4
4025,2
4026,6
4027,7
4028,8
4029,6
4030,1
4031,3
4032,7
4033,9
4034,3
4035,3
4036,0
4037,7
4038,8
4039,6
4040,2
4041,8
4042,1
4043,9
4044,4
4045,0
4046,8
4047,2
4048,9
4049,2
4050,0
4051,6
4052,7
4053,3
4054,9
4055,8
4056,7
4057,0
4058,1
4059,3
4060,0
4061,0
4062,5
4063,5
4064,7
4065,2
4066,9
4067,6
4068,9
4069,1
4070,8
4071,4
4072,9
4073,0
4074,0
4075,7
4076,3
4077,5
4078,2
4079,9
4080,8
4081,7
4082,4
4083,2
4084,3
4085,5
4086,9
4087,6
4088,8
4089,9
4090,9
4091,7
4092,3
4093,3
4094,3
4095,7
4096,3
4097,4
4098,8
4099,6
4100,7
4101,6
4102,0
4103,0
4104,2
4105,2
4106,5
4107,3
4108,0
4109,6
4110,6
4111,2
4112,3
4113,1
4114,1
4115,7
4116,1
4117,5
4118,9
4119,1
4120,7
4121,2
4122,5
4123,5
4124,3
4125,6
4126,4
4127,6
4128,9
4129,5
4130,2
4131,4
4132,1
4133,1
4134,8
4135,9
4136,7
4137,4
4138,0
4139,9
4140,5
4141,1
4142,2
4143,6
4144,1
4145,4
4146,1
4147,1
4148,0
4149,8
4150,8
4151,1
4152,9
4153,9
4154,8
4155,1
4156,1
4157,0
4158,4
4159,4
4160,2
4161,4
4162,5
4163,2
4164,8
4165,5
4166,6
4167,8
4168,4
4169,5
4170,4
4171,6
4172,3
4173,6
4174,2
4175,1
4176,5
4177,7
4178,6
4179,8
4180,8
4181,8
4182,1
4183,4
4184,0
4185,0
4186,0
4187,9
4188,0
4189,7
4190,4
4191,6
4192,4
4193,7
4194,5
4195,0
4196,5
4197,8
4198,6
4199,0
4200,7
4201,1
4202,5
4203,0
4204,7
4205,0
4206,5
4207,3
4208,9
4209,1
4210,2
4211,2
4212,3
4213,5
4214,3
4215,3
4216,7
4217,3
4218,6
4219,7
4220,8
4221,8
4222,6
4223,9
4224,0
4225,2
4226,1
4227,8
4228,8
4229,1
4230,6
4231,0
4232,8
4233,1
4234,1
4235,5
4236,4
4237,2
4238,9
4239,1
4240,4
4241,0
4242,2
4243,1
4244,7
4245,4
4246,6
4247,2
4248,4
4249,9
4250,6
4251,5
4252,3
4253,8
4254,2
4255,8
4256,8
4257,0
4258,1
4259,9
4260,1
4261,0
4262,3
4263,6
4264,1
4265,1
4266,8
4267,3
4268,2
4269,7
4270,9
4271,3
4272,7
4273,5
4274,4
4275,0
4276,2
4277,8
4278,5
4279,4
4280,1
4281,3
4282,3
4283,7
4284,8
4285,6
4286,5
4287,3
4288,5
4289,9
4290,0
4291,2
4292,4
4293,5
4294,3
4295,0
4296,3
4297,1
4298,8
4299,4
4300,1
4301,6
4302,3
4303,7
4304,1
4305,9
4306,9
4307,5
4308,6
4309,2
4310,8
4311,6
4312,0
4313,8
4314,6
4315,3
4316,5
4317,5
4318,1
4319,2
4320,6
4321,7
4322,6
4323,9
4324,3
4325,2
4326,8
4327,5
4328,9
4329,0
4330,7
4331,5
4332,0
4333,4
4334,3
4335,0
4336,1
4337,2
4338,5
4339,9
4340,3
4341,8
4342,8
4343,1
4344,5
4345,7
4346,4
4347,8
4348,9
4349,9
4350,5
4351,3
4352,8
4353,0
4354,9
4355,9
4356,9
4357,0
4358,3
4359,2
4360,6
4361,1
4362,1
4363,4
4364,4
4365,7
4366,4
4367,4
4368,9
4369,5
4370,4
4371,1
4372,1
4373,1
4374,9
4375,1
4376,2
4377,4
4378,0
4379,0
4380,0
4381,3
4382,5
4383,3
4384,0
4385,6
4386,4
4387,2
4388,3
4389,4
4390,3
4391,9
4392,7
4393,8
4394,9
4395,2
4396,4
4397,8
4398,8
4399,7
4400,1
4401,8
4402,0
4403,9
4404,6
4405,7
4406,6
4407,6
4408,1
4409,5
4410,9
4411,1
4412,2
4413,9
4414,2
4415,0
4416,1
4417,8
4418,4
4419,2
4420,3
4421,9
4422,4
4423,2
4424,1
4425,8
4426,9
4427,8
4428,9
4429,5
4430,9
4431,4
4432,8
4433,2
4434,5
4435,8
4436,4
4437,3
4438,2
4439,4
4440,7
4441,8
4442,0
4443,3
4444,6
4445,3
4446,2
4447,6
4448,2
4449,8
4450,0
4451,8
4452,8
4453,5
4454,1
4455,8
4456,3
4457,0
4458,7
4459,9
4460,2
4461,3
4462,5
4463,3
4464,4
4465,0
4466,2
4467,5
4468,1
4469,2
4470,3
4471,9
4472,3
4473,9
4474,2
4475,6
4476,2
4477,2
4478,6
4479,6
4480,0
4481,1
4482,8
4483,4
4484,1
4485,9
4486,2
4487,2
4488,8
4489,9
4490,9
4491,7
4492,0
4493,1
4494,3
4495,7
4496,7
4497,6
4498,4
4499,1
4500,1
4501,7
4502,2
4503,1
4504,7
4505,9
4506,1
4507,5
4508,8
4509,4
4510,7
4511,8
4512,6
4513,3
4514,1
4515,3
4516,4
4517,6
4518,6
4519,5
4520,4
4521,2
4522,8
4523,2
4524,5
4525,3
4526,6
4527,6
4528,1
4529,2
4530,2
4531,4
4532,8
4533,4
4534,4
4535,3
4536,8
4537,4
4538,2
4539,5
4540,9
4541,5
4542,9
4543,2
4544,7
4545,3
4546,2
4547,8
4548,7
4549,5
4550,8
4551,3
4552,6
4553,4
4554,0
4555,8
4556,8
4557,1
4558,9
4559,5
4560,1
4561,4
4562,0
4563,7
4564,7
4565,8
4566,0
4567,6
4568,4
4569,4
4570,8
4571,4
4572,0
4573,6
4574,7
4575,4
4576,5
4577,8
4578,9
4579,4
4580,2
4581,8
4582,1
4583,4
4584,6
4585,6
4586,9
4587,8
4588,9
4589,7
4590,2
4591,0
4592,5
4593,0
4594,7
4595,1
4596,4
4597,3
4598,2
4599,6
4600,5
4601,7
4602,8
4603,0
4604,3
4605,6
4606,8
4607,1
4608,0
4609,3
4610,9
4611,6
4612,4
4613,8
4614,7
4615,1
4616,6
4617,2
4618,0
4619,8
4620,1
4621,2
4622,9
4623,1
4624,4
4625,7
4626,1
4627,4
4628,9
4629,4
4630,9
4631,9
4632,4
4633,9
4634,1
4635,5
4636,2
4637,8
4638,8
4639,5
4640,0
4641,2
4642,0
4643,8
4644,1
4645,5
4646,3
4647,3
4648,1
4649,5
4650,0
4651,8
4652,9
4653,2
4654,1
4655,1
4656,1
4657,2
4658,7
4659,7
4660,5
4661,8
4662,6
4663,4
4664,7
4665,5
4666,2
4667,5
4668,9
4669,7
4670,7
4671,8
4672,2
4673,7
4674,8
4675,6
4676,8
4677,6
4678,8
4679,4
4680,8
4681,4
4682,0
4683,7
4684,4
4685,5
4686,6
4687,0
4688,0
4689,5
4690,9
4691,7
4692,3
4693,0
4694,8
4695,2
4696,8
4697,9
4698,9
4699,2
4700,5
4701,0
4702,8
4703,1
4704,1
4705,9
4706,9
4707,0
4708,6
4709,6
4710,3
4711,2
4712,5
4713,0
4714,4
4715,0
4716,8
4717,7
4718,3
4719,6
4720,5
4721,4
4722,4
4723,6
4724,0
4725,7
4726,0
4727,5
4728,5
4729,3
4730,9
4731,2
4732,0
4733,7
4734,4
4735,0
4736,8
4737,6
4738,6
4739,2
4740,8
4741,1
4742,3
4743,2
4744,2
4745,0
4746,4
4747,2
4748,3
4749,4
4750,6
4751,4
4752,4
4753,9
4754,4
4755,7
4756,4
4757,4
4758,9
4759,2
4760,3
4761,6
4762,3
4763,2
4764,8
4765,0
4766,7
4767,4
4768,6
4769,0
4770,2
4771,8
4772,7
4773,7
4774,5
4775,6
4776,6
4777,5
4778,9
4779,6
4780,2
4781,4
4782,9
4783,1
4784,4
4785,5
4786,2
4787,0
4788,8
4789,8
4790,2
4791,5
4792,9
4793,6
4794,1
4795,9
4796,7
4797,0
4798,4
4799,3
4800,8
4801,4
4802,5
4803,9
4804,7
4805,9
4806,4
4807,0
4808,9
4809,8
4810,7
4811,3
4812,3
4813,7
4814,4
4815,2
4816,0
4817,2
4818,6
4819,1
4820,8
4821,6
4822,0
4823,9
4824,2
4825,4
4826,9
4827,3
4828,8
4829,0
4830,3
4831,7
4832,4
4833,1
4834,6
4835,7
4836,4
4837,3
4838,5
4839,6
4840,6
4841,5
4842,8
4843,1
4844,6
4845,3
4846,0
4847,5
4848,2
4849,6
4850,9
4851,8
4852,5
4853,6
4854,3
4855,6
4856,3
4857,8
4858,2
4859,7
4860,8
4861,0
4862,4
4863,7
4864,5
4865,1
4866,7
4867,4
4868,8
4869,3
4870,9
4871,7
4872,4
4873,7
4874,1
4875,9
4876,2
4877,8
4878,3
4879,4
4880,5
4881,1
4882,6
4883,2
4884,9
4885,6
4886,3
4887,7
4888,6
4889,1
4890,3
4891,3
4892,6
4893,8
4894,7
4895,6
4896,9
4897,2
4898,4
4899,1
4900,7
4901,0
4902,0
4903,1
4904,6
4905,1
4906,3
4907,2
4908,3
4909,6
4910,1
4911,9
4912,5
4913,9
4914,0
4915,8
4916,9
4917,4
4918,5
4919,2
4920,2
4921,6
4922,9
4923,1
4924,9
4925,7
4926,2
4927,9
4928,7
4929,5
4930,9
4931,7
4932,7
4933,3
4934,0
4935,7
4936,7
4937,1
4938,1
4939,2
4940,1
4941,6
4942,8
4943,0
4944,4
4945,3
4946,4
4947,6
4948,9
4949,2
4950,2
4951,3
4952,3
4953,1
4954,8
4955,4
4956,7
4957,6
4958,9
4959,3
4960,2
4961,3
4962,9
4963,3
4964,9
4965,8
4966,9
4967,3
4968,6
4969,7
4970,7
4971,7
4972,5
4973,4
4974,3
4975,4
4976,6
4977,6
4978,8
4979,7
4980,6
4981,8
4982,5
4983,3
4984,0
4985,1
4986,3
4987,5
4988,1
4989,0
4990,1
4991,7
4992,3
4993,3
4994,3
4995,5
4996,7
4997,6
4998,4
4999,7
5000,5
