Id,Category
1,0
2,0
3,0
4,0
5,1
6,1
7,0
8,0
9,0
10,0
11,0
12,0
13,0
14,1
15,0
16,1
17,1
18,0
19,1
20,1
21,0
22,0
23,0
24,1
25,0
26,1
27,0
28,0
29,0
30,0
31,0
32,0
33,0
34,0
35,0
36,1
37,0
38,0
39,1
40,0
41,0
42,0
43,0
44,1
45,1
46,0
47,0
48,0
49,0
50,0
51,0
52,1
53,0
54,0
55,1
56,1
57,0
58,0
59,1
60,0
61,1
62,1
63,0
64,0
65,0
66,1
67,1
68,0
69,0
70,0
71,0
72,1
73,0
74,1
75,0
76,0
77,0
78,0
79,0
80,0
81,0
82,0
83,1
84,0
85,0
86,0
87,0
88,1
89,0
90,1
91,1
92,0
93,1
94,0
95,1
96,0
97,0
98,0
99,1
100,0
101,0
102,0
103,0
104,1
105,0
106,1
107,0
108,0
109,0
110,0
111,0
112,1
113,0
114,0
115,1
116,0
117,1
118,0
119,1
120,0
121,0
122,0
123,0
124,1
125,0
126,0
127,0
128,0
129,0
130,0
131,0
132,1
133,0
134,1
135,0
136,1
137,0
138,0
139,0
140,1
141,0
142,0
143,0
144,0
145,0
146,0
147,1
148,1
149,0
150,0
151,0
152,0
153,0
154,0
155,0
156,0
157,0
158,0
159,0
160,0
161,0
162,1
163,0
164,0
165,0
166,0
167,1
168,1
169,0
170,0
171,0
172,0
173,0
174,0
175,0
176,0
177,0
178,1
179,1
180,0
181,0
182,1
183,1
184,1
185,0
186,0
187,0
188,0
189,0
190,0
191,0
192,0
193,0
194,0
195,1
196,0
197,1
198,0
199,1
200,0
201,1
202,0
203,1
204,1
205,0
206,0
207,0
208,1
209,0
210,0
211,1
212,1
213,0
214,0
215,1
216,0
217,0
218,0
219,1
220,1
221,1
222,0
223,1
224,0
225,0
226,0
227,1
228,0
229,0
230,0
231,0
232,0
233,1
234,0
235,0
236,0
237,0
238,1
239,1
240,0
241,1
242,1
243,0
244,0
245,0
246,1
247,0
248,0
249,1
250,0
251,1
252,0
253,1
254,0
255,0
256,0
257,0
258,0
259,0
260,0
261,0
262,1
263,0
264,1
265,1
266,0
267,1
268,1
269,1
270,0
271,0
272,0
273,0
274,1
275,0
276,1
277,0
278,0
279,0
280,0
281,0
282,0
283,0
284,0
285,0
286,0
287,1
288,0
289,1
290,1
291,0
292,0
293,0
294,0
295,0
296,0
297,0
298,0
299,0
300,1
301,1
302,0
303,0
304,0
305,0
306,1
307,0
308,1
309,0
310,1
311,0
312,0
313,0
314,0
315,0
316,0
317,0
318,0
319,0
320,1
321,0
322,1
323,0
324,0
325,1
326,0
327,1
328,1
329,0
330,0
331,0
332,0
333,0
334,1
335,0
336,1
337,0
338,0
339,1
340,1
341,0
342,0
343,0
344,0
345,1
346,0
347,0
348,0
349,0
350,0
351,0
352,0
353,0
354,0
355,1
356,1
357,0
358,0
359,0
360,0
361,0
362,1
363,0
364,1
365,1
366,0
367,1
368,1
369,1
370,0
371,0
372,1
373,0
374,0
375,1
376,0
377,1
378,0
379,0
380,0
381,1
382,1
383,1
384,0
385,0
386,1
387,0
388,0
389,0
390,0
391,0
392,0
393,1
394,0
395,0
396,0
397,0
398,0
399,0
400,1
401,0
402,1
403,0
404,1
405,1
406,0
407,0
408,0
409,0
410,0
411,0
412,0
413,0
414,1
415,0
416,0
417,0
418,0
419,1
420,0
421,1
422,0
423,0
424,0
425,0
426,1
427,1
428,0
429,0
430,0
431,1
432,0
433,0
434,1
435,0
436,1
437,0
438,1
439,0
440,0
441,0
442,1
443,1
444,1
445,0
446,1
447,0
448,0
449,0
450,0
451,0
452,1
453,0
454,0
455,0
456,1
457,1
458,0
459,0
460,1
461,0
462,1
463,0
464,0
465,1
466,1
467,0
468,0
469,1
470,0
471,1
472,1
473,1
474,0
475,1
476,0
477,0
478,1
479,0
480,0
481,0
482,1
483,0
484,0
485,0
486,1
487,0
488,0
489,1
490,0
491,1
492,0
493,0
494,0
495,0
496,1
497,1
498,0
499,0
500,0
501,1
502,0
503,0
504,1
505,0
506,0
507,1
508,0
509,1
510,0
511,0
512,0
513,0
514,1
515,0
516,0
517,1
518,0
519,0
520,0
521,0
522,0
523,0
524,0
525,0
526,1
527,0
528,0
529,0
530,0
531,1
532,0
533,1
534,0
535,0
536,0
537,1
538,0
539,0
540,0
541,0
542,0
543,0
544,0
545,1
546,1
547,0
548,0
549,1
550,1
551,0
552,0
553,0
554,0
555,0
556,0
557,0
558,0
559,0
560,0
561,0
562,0
563,0
564,1
565,1
566,1
567,0
568,0
569,1
570,0
571,0
572,0
573,1
574,0
575,0
576,1
577,0
578,0
579,0
580,1
581,1
582,1
583,0
584,1
585,0
586,0
587,0
588,0
589,0
590,0
591,0
592,0
593,0
594,0
595,0
596,1
597,0
598,1
599,0
600,0
601,0
602,0
603,1
604,0
605,1
606,1
607,0
608,0
609,0
610,0
611,0
612,0
613,0
614,0
615,0
616,1
617,0
618,1
619,0
620,1
621,0
622,1
623,0
624,0
625,0
626,0
627,1
628,0
629,0
630,0
631,0
632,0
633,0
634,0
635,0
636,0
637,1
638,1
639,0
640,0
641,1
642,1
643,0
644,1
645,0
646,0
647,0
648,0
649,1
650,1
651,0
652,0
653,0
654,0
655,1
656,0
657,0
658,0
659,0
660,0
661,1
662,0
663,0
664,1
665,1
666,0
667,1
668,0
669,0
670,0
671,0
672,1
673,0
674,0
675,1
676,0
677,0
678,0
679,0
680,0
681,0
682,0
683,0
684,1
685,0
686,0
687,0
688,0
689,0
690,0
691,0
692,0
693,1
694,0
695,1
696,0
697,0
698,0
699,0
700,0
701,0
702,0
703,1
704,1
705,0
706,0
707,0
708,0
709,0
710,0
711,1
712,1
713,1
714,0
715,0
716,0
717,0
718,1
719,0
720,1
721,1
722,0
723,0
724,0
725,0
726,1
727,0
728,0
729,0
730,0
731,0
732,0
733,0
734,0
735,0
736,0
737,1
738,0
739,0
740,1
741,0
742,0
743,0
744,0
745,1
746,0
747,1
748,1
749,0
750,1
751,0
752,0
753,0
754,0
755,0
756,0
757,0
758,1
759,0
760,1
761,1
762,0
763,0
764,1
765,0
766,0
767,0
768,0
769,0
770,0
771,1
772,1
773,0
774,1
775,1
776,1
777,0
778,0
779,0
780,0
781,1
782,0
783,0
784,1
785,0
786,0
787,0
788,1
789,1
790,1
791,0
792,0
793,1
794,0
795,0
796,1
797,0
798,0
799,0
800,1
801,1
802,0
803,1
804,0
805,1
806,0
807,0
808,0
809,0
810,0
811,1
812,1
813,0
814,0
815,0
816,1
817,0
818,0
819,1
820,0
821,0
822,0
823,1
824,0
825,1
826,0
827,0
828,0
829,0
830,0
831,0
832,0
833,0
834,1
835,0
836,1
837,0
838,1
839,0
840,0
841,0
842,1
843,0
844,0
845,0
846,1
847,0
848,1
849,0
850,0
851,1
852,0
853,1
854,1
855,1
856,0
857,0
858,0
859,1
860,0
861,0
862,0
863,0
864,1
865,0
866,1
867,0
868,0
869,0
870,1
871,0
872,0
873,0
874,0
875,0
876,0
877,0
878,0
879,0
880,0
881,0
882,0
883,0
884,0
885,0
886,1
887,0
888,0
889,0
890,0
891,0
892,1
893,0
894,0
895,0
896,0
897,1
898,0
899,1
900,1
901,0
902,0
903,0
904,0
905,0
906,1
907,0
908,0
909,0
910,1
911,0
912,0
913,0
914,1
915,0
916,1
917,0
918,0
919,0
920,0
921,1
922,0
923,0
924,0
925,0
926,0
927,0
928,1
929,0
930,0
931,1
932,0
933,0
934,1
935,0
936,0
937,1
938,1
939,0
940,0
941,0
942,0
943,0
944,0
945,0
946,0
947,1
948,1
949,1
950,0
951,0
952,0
953,0
954,1
955,0
956,1
957,0
958,0
959,0
960,0
961,0
962,0
963,0
964,1
965,1
966,0
967,0
968,0
969,0
970,0
971,0
972,0
973,0
974,1
975,0
976,0
977,0
978,0
979,0
980,1
981,1
982,0
983,0
984,1
985,1
986,1
987,0
988,0
989,0
990,1
991,0
992,0
993,0
994,1
995,1
996,0
997,0
998,0
999,1
1000,0
1001,1
1002,0
1003,0
1004,0
1005,1
1006,1
1007,0
1008,0
1009,0
1010,0
1011,1
1012,0
1013,0
1014,0
1015,0
1016,0
1017,0
1018,1
1019,0
1020,1
1021,0
1022,1
1023,0
1024,0
1025,0
1026,1
1027,0
1028,0
1029,1
1030,1
1031,0
1032,0
1033,0
1034,0
1035,0
1036,0
1037,1
1038,0
1039,1
1040,1
1041,1
1042,0
1043,0
1044,0
1045,0
1046,1
1047,0
1048,0
1049,0
1050,0
1051,0
1052,1
1053,0
1054,0
1055,0
1056,0
1057,1
1058,0
1059,0
1060,0
1061,0
1062,1
1063,0
1064,1
1065,0
1066,0
1067,0
1068,0
1069,1
1070,1
1071,0
1072,0
1073,0
1074,0
1075,0
1076,0
1077,0
1078,0
1079,0
1080,0
1081,0
1082,0
1083,1
1084,0
1085,0
1086,0
1087,0
1088,0
1089,0
1090,0
1091,1
1092,0
1093,0
1094,0
1095,1
1096,0
1097,0
1098,1
1099,0
1100,1
1101,0
1102,1
1103,0
1104,0
1105,0
1106,0
1107,0
1108,1
1109,1
1110,0
1111,0
1112,1
1113,1
1114,0
1115,1
1116,1
1117,1
1118,0
1119,1
1120,0
1121,0
1122,0
1123,0
1124,0
1125,1
1126,0
1127,1
1128,1
1129,0
1130,1
1131,0
1132,1
1133,0
1134,1
1135,1
1136,0
1137,1
1138,0
1139,1
1140,0
1141,1
1142,1
1143,1
1144,0
1145,0
1146,0
1147,0
1148,0
1149,1
1150,0
1151,1
1152,0
1153,0
1154,0
1155,0
1156,0
1157,0
1158,0
1159,0
1160,0
1161,0
1162,0
1163,1
1164,0
1165,0
1166,0
1167,0
1168,1
1169,0
1170,0
1171,0
1172,0
1173,1
1174,0
1175,0
1176,0
1177,0
1178,0
1179,0
1180,0
1181,0
1182,0
1183,0
1184,0
1185,0
1186,1
1187,1
1188,0
1189,0
1190,0
1191,1
1192,0
1193,0
1194,0
1195,0
1196,0
1197,0
1198,0
1199,0
1200,0
1201,0
1202,0
1203,1
1204,0
1205,0
1206,1
1207,1
1208,0
1209,0
1210,1
1211,1
1212,1
1213,0
1214,0
1215,1
1216,0
1217,0
1218,1
1219,0
1220,1
1221,0
1222,0
1223,0
1224,1
1225,0
1226,0
1227,0
1228,1
1229,0
1230,1
1231,0
1232,0
1233,1
1234,0
1235,0
1236,0
1237,0
1238,0
1239,0
1240,0
1241,0
1242,1
1243,1
1244,0
1245,1
1246,0
1247,0
1248,0
1249,0
1250,1
1251,0
1252,0
1253,1
1254,0
1255,1
1256,1
1257,0
1258,0
1259,0
1260,1
1261,1
1262,0
1263,1
1264,0
1265,1
1266,0
1267,1
1268,0
1269,0
1270,0
1271,1
1272,0
1273,0
1274,0
1275,0
1276,1
1277,0
1278,0
1279,0
1280,1
1281,0
1282,0
1283,0
1284,1
1285,0
1286,0
1287,0
1288,0
1289,0
1290,1
1291,1
1292,0
1293,0
1294,0
1295,0
1296,0
1297,0
1298,0
1299,1
1300,0
1301,1
1302,0
1303,0
1304,0
1305,1
1306,1
1307,0
1308,0
1309,0
1310,0
1311,0
1312,1
1313,0
1314,1
1315,0
1316,1
1317,0
1318,0
1319,0
1320,0
1321,0
1322,0
1323,0
1324,1
1325,1
1326,0
1327,0
1328,0
1329,0
1330,0
1331,0
1332,1
1333,1
1334,0
1335,0
1336,1
1337,1
1338,0
1339,0
1340,0
1341,0
1342,0
1343,1
1344,0
1345,1
1346,1
1347,1
1348,0
1349,1
1350,0
1351,0
1352,1
1353,1
1354,0
1355,0
1356,1
1357,1
1358,0
1359,1
1360,0
1361,0
1362,1
1363,1
1364,1
1365,1
1366,1
1367,0
1368,1
1369,0
1370,0
1371,0
1372,0
1373,0
1374,0
1375,0
1376,0
1377,1
1378,0
1379,1
1380,0
1381,0
1382,0
1383,1
1384,0
1385,0
1386,1
1387,0
1388,0
1389,0
1390,0
1391,1
1392,1
1393,0
1394,0
1395,1
1396,0
1397,0
1398,0
1399,1
1400,0
1401,0
1402,0
1403,1
1404,1
1405,0
1406,0
1407,1
1408,1
1409,0
1410,1
1411,0
1412,0
1413,1
1414,0
1415,0
1416,0
1417,1
1418,0
1419,0
1420,0
1421,0
1422,0
1423,0
1424,0
1425,0
1426,0
1427,1
1428,1
1429,1
1430,1
1431,0
1432,1
1433,1
1434,0
1435,0
1436,0
1437,0
1438,1
1439,1
1440,0
1441,0
1442,1
1443,0
1444,0
1445,1
1446,0
1447,0
1448,1
1449,0
1450,0
1451,0
1452,0
1453,0
1454,0
1455,1
1456,0
1457,1
1458,1
1459,1
1460,0
1461,0
1462,1
1463,1
1464,0
1465,0
1466,0
1467,0
1468,0
1469,0
1470,0
1471,0
1472,0
1473,1
1474,1
1475,0
1476,0
1477,0
1478,0
1479,0
1480,1
1481,0
1482,0
1483,0
1484,0
1485,1
1486,0
1487,1
1488,1
1489,0
1490,0
1491,0
1492,1
1493,0
1494,1
1495,1
1496,1
1497,0
1498,0
1499,1
1500,1
1501,0
1502,1
1503,0
1504,0
1505,1
1506,1
1507,1
1508,0
1509,0
1510,0
1511,0
1512,0
1513,0
1514,0
1515,0
1516,0
1517,0
1518,0
1519,0
1520,1
1521,1
1522,0
1523,0
1524,1
1525,0
1526,0
1527,0
1528,1
1529,0
1530,1
1531,1
1532,1
1533,1
1534,0
1535,1
1536,0
1537,1
1538,0
1539,0
1540,0
1541,0
1542,0
1543,0
1544,0
1545,0
1546,0
1547,0
1548,1
1549,0
1550,0
1551,0
1552,0
1553,1
1554,1
1555,0
1556,0
1557,0
1558,0
1559,0
1560,0
1561,0
1562,0
1563,0
1564,1
1565,0
1566,0
1567,0
1568,0
1569,0
1570,0
1571,0
1572,0
1573,1
1574,1
1575,0
1576,1
1577,0
1578,0
1579,0
1580,0
1581,0
1582,0
1583,0
1584,1
1585,0
1586,1
1587,0
1588,0
1589,0
1590,0
1591,0
1592,0
1593,1
1594,0
1595,0
1596,0
1597,0
1598,0
1599,0
1600,0
1601,1
1602,1
1603,0
1604,1
1605,0
1606,1
1607,0
1608,0
1609,0
1610,0
1611,0
1612,1
1613,1
1614,0
1615,0
1616,0
1617,0
1618,1
1619,0
1620,1
1621,0
1622,0
1623,0
1624,1
1625,1
1626,0
1627,1
1628,0
1629,0
1630,1
1631,0
1632,1
1633,0
1634,0
1635,0
1636,1
1637,1
1638,1
1639,0
1640,0
1641,1
1642,0
1643,0
1644,0
1645,0
1646,1
1647,0
1648,0
1649,0
1650,0
1651,0
1652,0
1653,0
1654,0
1655,1
1656,1
1657,0
1658,0
1659,1
1660,0
1661,0
1662,0
1663,1
1664,0
1665,1
1666,0
1667,0
1668,0
1669,0
1670,1
1671,1
1672,0
1673,0
1674,0
1675,0
1676,1
1677,0
1678,0
1679,0
1680,0
1681,0
1682,0
1683,0
1684,0
1685,0
1686,0
1687,0
1688,1
1689,1
1690,1
1691,0
1692,1
1693,0
1694,0
1695,0
1696,0
1697,0
1698,0
1699,0
1700,1
1701,0
1702,1
1703,0
1704,0
1705,1
1706,0
1707,0
1708,0
1709,0
1710,0
1711,1
1712,1
1713,0
1714,1
1715,0
1716,0
1717,1
1718,0
1719,0
1720,0
1721,0
1722,0
1723,1
1724,1
1725,0
1726,1
1727,0
1728,0
1729,0
1730,0
1731,1
1732,1
1733,0
1734,0
1735,0
1736,0
1737,1
1738,0
1739,0
1740,1
1741,0
1742,0
1743,0
1744,0
1745,1
1746,0
1747,0
1748,0
1749,0
1750,1
1751,0
1752,0
1753,1
1754,0
1755,0
1756,1
1757,0
1758,0
1759,0
1760,0
1761,0
1762,0
1763,0
1764,0
1765,1
1766,1
1767,0
1768,1
1769,0
1770,0
1771,0
1772,1
1773,1
1774,0
1775,1
1776,1
1777,0
1778,1
1779,0
1780,0
1781,0
1782,1
1783,0
1784,0
1785,0
1786,1
1787,1
1788,1
1789,0
1790,0
1791,0
1792,1
1793,0
1794,0
1795,1
1796,1
1797,1
1798,0
1799,1
1800,0
1801,0
1802,0
1803,0
1804,0
1805,0
1806,0
1807,0
1808,0
1809,0
1810,0
1811,0
1812,0
1813,0
1814,0
1815,1
1816,0
1817,0
1818,0
1819,0
1820,0
1821,1
1822,0
1823,0
1824,0
1825,0
1826,0
1827,0
1828,0
1829,0
1830,1
1831,0
1832,0
1833,1
1834,0
1835,0
1836,0
1837,0
1838,0
1839,0
1840,0
1841,1
1842,0
1843,0
1844,1
1845,1
1846,0
1847,1
1848,0
1849,1
1850,0
1851,0
1852,0
1853,0
1854,0
1855,0
1856,0
1857,0
1858,1
1859,1
1860,0
1861,1
1862,0
1863,0
1864,0
1865,0
1866,0
1867,1
1868,1
1869,0
1870,0
1871,0
1872,1
1873,0
1874,0
1875,0
1876,0
1877,1
1878,0
1879,0
1880,0
1881,0
1882,1
1883,0
1884,0
1885,0
1886,0
1887,0
1888,0
1889,0
1890,1
1891,0
1892,1
1893,0
1894,0
1895,0
1896,1
1897,1
1898,0
1899,0
1900,0
1901,0
1902,0
1903,0
1904,0
1905,1
1906,0
1907,0
1908,0
1909,1
1910,0
1911,0
1912,0
1913,0
1914,0
1915,1
1916,1
1917,1
1918,1
1919,0
1920,0
1921,1
1922,0
1923,0
1924,0
1925,1
1926,0
1927,1
1928,1
1929,1
1930,1
1931,0
1932,0
1933,0
1934,0
1935,0
1936,0
1937,0
1938,0
1939,0
1940,0
1941,0
1942,0
1943,0
1944,0
1945,1
1946,1
1947,0
1948,0
1949,0
1950,0
1951,1
1952,1
1953,0
1954,0
1955,0
1956,0
1957,0
1958,0
1959,1
1960,0
1961,0
1962,1
1963,0
1964,0
1965,1
1966,0
1967,0
1968,0
1969,1
1970,0
1971,0
1972,1
1973,0
1974,1
1975,0
1976,0
1977,1
1978,0
1979,0
1980,1
1981,0
1982,0
1983,1
1984,1
1985,0
1986,1
1987,0
1988,0
1989,1
1990,0
1991,1
1992,0
1993,1
1994,0
1995,1
1996,1
1997,0
1998,0
1999,0
2000,1
2001,0
2002,0
2003,0
2004,0
2005,0
2006,0
2007,1
2008,0
2009,0
2010,0
2011,0
2012,0
2013,1
2014,0
2015,0
2016,0
2017,0
2018,0
2019,0
2020,1
2021,1
2022,0
2023,1
2024,0
2025,0
2026,0
2027,1
2028,0
2029,0
2030,0
2031,0
2032,1
2033,0
2034,1
2035,1
2036,0
2037,0
2038,0
2039,1
2040,0
2041,0
2042,0
2043,0
2044,0
2045,0
2046,0
2047,1
2048,0
2049,0
2050,0
2051,0
2052,0
2053,0
2054,1
2055,0
2056,1
2057,0
2058,1
2059,0
2060,0
2061,1
2062,0
2063,0
2064,0
2065,1
2066,1
2067,0
2068,1
2069,1
2070,0
2071,0
2072,0
2073,1
2074,0
2075,1
2076,0
2077,1
2078,1
2079,0
2080,0
2081,0
2082,0
2083,0
2084,0
2085,1
2086,1
2087,0
2088,0
2089,0
2090,0
2091,0
2092,0
2093,1
2094,1
2095,0
2096,0
2097,0
2098,0
2099,0
2100,0
2101,0
2102,0
2103,0
2104,0
2105,0
2106,1
2107,0
2108,0
2109,1
2110,1
2111,0
2112,0
2113,0
2114,0
2115,1
2116,1
2117,1
2118,0
2119,0
2120,1
2121,0
2122,1
2123,1
2124,1
2125,0
2126,0
2127,1
2128,1
2129,0
2130,1
2131,1
2132,1
2133,1
2134,1
2135,0
2136,0
2137,0
2138,0
2139,1
2140,0
2141,0
2142,0
2143,0
2144,0
2145,0
2146,0
2147,1
2148,0
2149,1
2150,0
2151,0
2152,0
2153,1
2154,0
2155,0
2156,0
2157,0
2158,0
2159,0
2160,1
2161,0
2162,0
2163,0
2164,0
2165,0
2166,0
2167,1
2168,0
2169,0
2170,1
2171,0
2172,1
2173,0
2174,0
2175,0
2176,0
2177,0
2178,0
2179,0
2180,0
2181,0
2182,0
2183,0
2184,0
2185,1
2186,0
2187,0
2188,0
2189,0
2190,1
2191,1
2192,1
2193,0
2194,0
2195,0
2196,0
2197,0
2198,0
2199,1
2200,0
2201,0
2202,0
2203,0
2204,0
2205,0
2206,0
2207,0
2208,0
2209,0
2210,1
2211,0
2212,1
2213,0
2214,1
2215,0
2216,0
2217,1
2218,1
2219,0
2220,0
2221,0
2222,0
2223,1
2224,0
2225,0
2226,0
2227,0
2228,0
2229,0
2230,0
2231,0
2232,1
2233,0
2234,0
2235,1
2236,1
2237,1
2238,0
2239,0
2240,0
2241,1
2242,0
2243,0
2244,0
2245,1
2246,0
2247,0
2248,1
2249,0
2250,1
2251,0
2252,0
2253,1
2254,1
2255,0
2256,0
2257,1
2258,0
2259,0
2260,0
2261,0
2262,0
2263,0
2264,0
2265,0
2266,1
2267,0
2268,0
2269,0
2270,1
2271,0
2272,0
2273,1
2274,0
2275,0
2276,0
2277,0
2278,1
2279,0
2280,0
2281,0
2282,0
2283,0
2284,1
2285,1
2286,0
2287,1
2288,1
2289,0
2290,1
2291,0
2292,0
2293,1
2294,0
2295,0
2296,0
2297,0
2298,1
2299,0
2300,0
2301,0
2302,0
2303,0
2304,0
2305,0
2306,0
2307,0
2308,0
2309,1
2310,1
2311,1
2312,1
2313,1
2314,1
2315,0
2316,0
2317,0
2318,1
2319,0
2320,0
2321,0
2322,0
2323,0
2324,0
2325,1
2326,0
2327,1
2328,0
2329,0
2330,0
2331,0
2332,0
2333,1
2334,1
2335,0
2336,0
2337,0
2338,0
2339,0
2340,0
2341,1
2342,1
2343,1
2344,1
2345,1
2346,1
2347,0
2348,0
2349,1
2350,1
2351,1
2352,0
2353,0
2354,0
2355,0
2356,0
2357,1
2358,0
2359,0
2360,0
2361,1
2362,1
2363,0
2364,0
2365,0
2366,0
2367,1
2368,1
2369,1
2370,0
2371,1
2372,0
2373,0
2374,1
2375,0
2376,0
2377,1
2378,0
2379,0
2380,0
2381,0
2382,1
2383,0
2384,0
2385,0
2386,1
2387,0
2388,0
2389,0
2390,0
2391,0
2392,1
2393,0
2394,0
2395,1
2396,1
2397,1
2398,0
2399,0
2400,0
2401,0
2402,0
2403,1
2404,1
2405,1
2406,1
2407,0
2408,0
2409,0
2410,0
2411,0
2412,1
2413,0
2414,0
2415,0
2416,0
2417,0
2418,1
2419,0
2420,0
2421,1
2422,0
2423,0
2424,0
2425,1
2426,0
2427,0
2428,1
2429,1
2430,0
2431,0
2432,0
2433,0
2434,0
2435,0
2436,0
2437,0
2438,1
2439,1
2440,1
2441,1
2442,0
2443,1
2444,1
2445,1
2446,0
2447,0
2448,1
2449,1
2450,0
2451,0
2452,0
2453,0
2454,0
2455,0
2456,1
2457,0
2458,1
2459,0
2460,0
2461,1
2462,1
2463,1
2464,0
2465,0
2466,1
2467,1
2468,0
2469,0
2470,1
2471,0
2472,1
2473,0
2474,0
2475,0
2476,1
2477,0
2478,0
2479,1
2480,0
2481,0
2482,1
2483,0
2484,1
2485,1
2486,1
2487,1
2488,0
2489,0
2490,0
2491,1
2492,0
2493,1
2494,1
2495,0
2496,0
2497,0
2498,1
2499,0
2500,0
2501,1
2502,0
2503,0
2504,0
2505,1
2506,0
2507,1
2508,0
2509,1
2510,1
2511,0
2512,0
2513,0
2514,0
2515,0
2516,0
2517,0
2518,0
2519,0
2520,0
2521,0
2522,0
2523,0
2524,0
2525,0
2526,1
2527,1
2528,0
2529,0
2530,0
2531,0
2532,0
2533,0
2534,0
2535,0
2536,0
2537,0
2538,0
2539,0
2540,1
2541,0
2542,0
2543,0
2544,0
2545,1
2546,1
2547,0
2548,0
2549,0
2550,0
2551,0
2552,0
2553,0
2554,1
2555,1
2556,1
2557,0
2558,0
2559,0
2560,0
2561,0
2562,0
2563,1
2564,1
2565,0
2566,1
2567,1
2568,0
2569,0
2570,0
2571,0
2572,0
2573,0
2574,0
2575,1
2576,1
2577,0
2578,1
2579,0
2580,0
2581,0
2582,0
2583,0
2584,0
2585,0
2586,0
2587,0
2588,1
2589,0
2590,0
2591,0
2592,0
2593,0
2594,1
2595,0
2596,0
2597,1
2598,1
2599,0
2600,0
2601,0
2602,0
2603,0
2604,1
2605,0
2606,1
2607,0
2608,0
2609,1
2610,0
2611,0
2612,0
2613,0
2614,0
2615,0
2616,1
2617,0
2618,0
2619,0
2620,1
2621,0
2622,1
2623,0
2624,1
2625,1
2626,1
2627,0
2628,0
2629,0
2630,0
2631,0
2632,0
2633,1
2634,1
2635,0
2636,0
2637,0
2638,0
2639,1
2640,1
2641,1
2642,1
2643,0
2644,1
2645,0
2646,0
2647,0
2648,0
2649,0
2650,0
2651,0
2652,1
2653,1
2654,0
2655,0
2656,0
2657,0
2658,1
2659,0
2660,0
2661,0
2662,0
2663,1
2664,0
2665,0
2666,1
2667,0
2668,0
2669,0
2670,0
2671,1
2672,1
2673,0
2674,0
2675,0
2676,1
2677,1
2678,0
2679,1
2680,1
2681,0
2682,1
2683,1
2684,0
2685,0
2686,0
2687,0
2688,0
2689,0
2690,1
2691,0
2692,0
2693,0
2694,0
2695,0
2696,0
2697,1
2698,0
2699,1
2700,1
2701,1
2702,0
2703,0
2704,1
2705,0
2706,0
2707,0
2708,1
2709,1
2710,1
2711,1
2712,0
2713,0
2714,0
2715,1
2716,0
2717,1
2718,0
2719,1
2720,1
2721,0
2722,1
2723,0
2724,0
2725,1
2726,0
2727,1
2728,0
2729,0
2730,1
2731,0
2732,0
2733,0
2734,1
2735,0
2736,0
2737,0
2738,0
2739,1
2740,1
2741,0
2742,0
2743,0
2744,0
2745,1
2746,1
2747,0
2748,0
2749,0
2750,0
2751,0
2752,0
2753,1
2754,1
2755,0
2756,0
2757,0
2758,1
2759,1
2760,0
2761,0
2762,0
2763,0
2764,0
2765,0
2766,0
2767,0
2768,0
2769,1
2770,0
2771,0
2772,1
2773,0
2774,0
2775,1
2776,0
2777,1
2778,1
2779,0
2780,0
2781,0
2782,0
2783,0
2784,1
2785,0
2786,1
2787,0
2788,0
2789,1
2790,0
2791,0
2792,0
2793,0
2794,0
2795,0
2796,0
2797,0
2798,0
2799,0
2800,1
2801,1
2802,0
2803,0
2804,0
2805,0
2806,0
2807,0
2808,0
2809,0
2810,0
2811,0
2812,0
2813,0
2814,0
2815,0
2816,1
2817,0
2818,0
2819,0
2820,0
2821,0
2822,0
2823,1
2824,0
2825,0
2826,0
2827,0
2828,0
2829,0
2830,0
2831,0
2832,0
2833,0
2834,1
2835,0
2836,0
2837,0
2838,0
2839,0
2840,0
2841,1
2842,1
2843,0
2844,1
2845,0
2846,0
2847,0
2848,0
2849,1
2850,0
2851,0
2852,0
2853,1
2854,0
2855,0
2856,0
2857,0
2858,1
2859,0
2860,1
2861,0
2862,1
2863,1
2864,0
2865,1
2866,0
2867,0
2868,0
2869,0
2870,0
2871,0
2872,0
2873,1
2874,0
2875,0
2876,0
2877,0
2878,1
2879,0
2880,0
2881,0
2882,1
2883,0
2884,0
2885,0
2886,0
2887,0
2888,0
2889,0
2890,0
2891,0
2892,1
2893,1
2894,0
2895,0
2896,1
2897,1
2898,0
2899,1
2900,0
2901,0
2902,0
2903,0
2904,0
2905,0
2906,1
2907,0
2908,0
2909,0
2910,0
2911,0
2912,0
2913,0
2914,0
2915,0
2916,0
2917,0
2918,0
2919,0
2920,0
2921,0
2922,0
2923,0
2924,0
2925,1
2926,0
2927,1
2928,1
2929,0
2930,1
2931,0
2932,1
2933,1
2934,0
2935,1
2936,0
2937,1
2938,0
2939,0
2940,1
2941,0
2942,0
2943,0
2944,1
2945,0
2946,0
2947,0
2948,0
2949,1
2950,0
2951,0
2952,0
2953,0
2954,1
2955,1
2956,1
2957,0
2958,1
2959,0
2960,0
2961,1
2962,0
2963,0
2964,0
2965,0
2966,0
2967,0
2968,0
2969,1
2970,0
2971,0
2972,0
2973,0
2974,0
2975,0
2976,0
2977,0
2978,1
2979,0
2980,0
2981,0
2982,1
2983,1
2984,1
2985,1
2986,0
2987,0
2988,1
2989,1
2990,1
2991,0
2992,0
2993,0
2994,1
2995,1
2996,0
2997,0
2998,0
2999,1
3000,1
3001,0
3002,0
3003,0
3004,0
3005,0
3006,0
3007,0
3008,0
3009,1
3010,0
3011,0
3012,0
3013,1
3014,1
3015,0
3016,0
3017,1
3018,1
3019,0
3020,1
3021,1
3022,0
3023,1
3024,0
3025,1
3026,1
3027,0
3028,0
3029,1
3030,0
3031,0
3032,0
3033,1
3034,1
3035,0
3036,0
3037,0
3038,0
3039,1
3040,0
3041,0
3042,0
3043,0
3044,0
3045,0
3046,0
3047,1
3048,0
3049,0
3050,0
3051,0
3052,1
3053,0
3054,1
3055,1
3056,0
3057,0
3058,0
3059,0
3060,0
3061,0
3062,1
3063,0
3064,1
3065,0
3066,0
3067,0
3068,0
3069,1
3070,0
3071,0
3072,0
3073,0
3074,0
3075,1
3076,0
3077,0
3078,0
3079,0
3080,0
3081,0
3082,1
3083,1
3084,0
3085,0
3086,0
3087,0
3088,0
3089,1
3090,0
3091,0
3092,0
3093,0
3094,0
3095,1
3096,0
3097,0
3098,0
3099,1
3100,0
3101,1
3102,0
3103,1
3104,0
3105,1
3106,0
3107,1
3108,0
3109,0
3110,1
3111,0
3112,1
3113,0
3114,0
3115,0
3116,0
3117,1
3118,1
3119,0
3120,1
3121,1
3122,1
3123,0
3124,0
3125,0
3126,1
3127,1
3128,1
3129,0
3130,0
3131,1
3132,0
3133,1
3134,0
3135,0
3136,1
3137,0
3138,0
3139,0
3140,0
3141,0
3142,1
3143,1
3144,1
3145,1
3146,1
3147,1
3148,0
3149,0
3150,0
3151,0
3152,0
3153,1
3154,1
3155,0
3156,0
3157,0
3158,0
3159,0
3160,1
3161,1
3162,1
3163,1
3164,0
3165,1
3166,0
3167,1
3168,0
3169,0
3170,1
3171,0
3172,1
3173,1
3174,0
3175,1
3176,1
3177,0
3178,0
3179,0
3180,1
3181,0
3182,0
3183,0
3184,0
3185,0
3186,0
3187,0
3188,0
3189,0
3190,0
3191,0
3192,0
3193,0
3194,0
3195,0
3196,1
3197,1
3198,0
3199,1
3200,0
3201,0
3202,1
3203,1
3204,0
3205,0
3206,1
3207,1
3208,0
3209,1
3210,1
3211,0
3212,1
3213,0
3214,0
3215,0
3216,1
3217,1
3218,1
3219,0
3220,0
3221,0
3222,0
3223,1
3224,0
3225,0
3226,0
3227,1
3228,0
3229,0
3230,1
3231,0
3232,0
3233,0
3234,1
3235,0
3236,1
3237,0
3238,0
3239,1
3240,0
3241,0
3242,1
3243,1
3244,1
3245,0
3246,1
3247,1
3248,0
3249,0
3250,1
3251,0
3252,1
3253,0
3254,0
3255,0
3256,1
3257,0
3258,0
3259,1
3260,0
3261,1
3262,0
3263,0
3264,1
3265,1
3266,0
3267,0
3268,0
3269,0
3270,0
3271,0
3272,0
3273,0
3274,0
3275,0
3276,0
3277,0
3278,0
3279,0
3280,0
3281,0
3282,1
3283,0
3284,0
3285,0
3286,0
3287,1
3288,0
3289,0
3290,0
3291,1
3292,1
3293,1
3294,0
3295,1
3296,0
3297,1
3298,0
3299,0
3300,1
3301,1
3302,0
3303,0
3304,0
3305,0
3306,1
3307,0
3308,0
3309,0
3310,0
3311,0
3312,0
3313,0
3314,0
3315,1
3316,0
3317,1
3318,0
3319,0
3320,1
3321,0
3322,0
3323,1
3324,1
3325,0
3326,0
3327,0
3328,0
3329,0
3330,0
3331,1
3332,0
3333,0
3334,0
3335,1
3336,0
3337,0
3338,0
3339,0
3340,0
3341,0
3342,0
3343,0
3344,0
3345,1
3346,0
3347,0
3348,1
3349,0
3350,1
3351,0
3352,0
3353,1
3354,1
3355,0
3356,1
3357,1
3358,0
3359,0
3360,0
3361,0
3362,0
3363,1
3364,0
3365,0
3366,0
3367,0
3368,1
3369,0
3370,0
3371,1
3372,1
3373,1
3374,0
3375,0
3376,1
3377,0
3378,1
3379,0
3380,0
3381,0
3382,0
3383,1
3384,0
3385,1
3386,1
3387,1
3388,0
3389,0
3390,0
3391,0
3392,0
3393,0
3394,1
3395,1
3396,0
3397,1
3398,1
3399,0
3400,1
3401,0
3402,1
3403,0
3404,0
3405,0
3406,0
3407,1
3408,0
3409,0
3410,1
3411,1
3412,0
3413,0
3414,0
3415,0
3416,0
3417,0
3418,0
3419,0
3420,0
3421,0
3422,0
3423,0
3424,0
3425,1
3426,0
3427,0
3428,0
3429,0
3430,0
3431,0
3432,0
3433,0
3434,0
3435,1
3436,0
3437,0
3438,0
3439,0
3440,0
3441,0
3442,1
3443,1
3444,1
3445,1
3446,1
3447,0
3448,0
3449,0
3450,1
3451,0
3452,0
3453,0
3454,0
3455,1
3456,1
3457,1
3458,0
3459,0
3460,0
3461,1
3462,0
3463,0
3464,0
3465,0
3466,0
3467,0
3468,0
3469,1
3470,0
3471,0
3472,1
3473,0
3474,0
3475,1
3476,0
3477,0
3478,0
3479,0
3480,0
3481,0
3482,1
3483,1
3484,0
3485,0
3486,0
3487,0
3488,1
3489,1
3490,0
3491,0
3492,0
3493,0
3494,0
3495,1
3496,0
3497,1
3498,0
3499,0
3500,0
3501,0
3502,0
3503,0
3504,1
3505,0
3506,1
3507,0
3508,0
3509,0
3510,0
3511,0
3512,0
3513,1
3514,1
3515,0
3516,0
3517,1
3518,0
3519,0
3520,0
3521,0
3522,0
3523,0
3524,0
3525,0
3526,0
3527,1
3528,0
3529,1
3530,0
3531,0
3532,1
3533,0
3534,1
3535,1
3536,1
3537,0
3538,0
3539,0
3540,0
3541,0
3542,0
3543,0
3544,0
3545,0
3546,0
3547,1
3548,0
3549,1
3550,0
3551,0
3552,0
3553,1
3554,0
3555,0
3556,0
3557,0
3558,1
3559,1
3560,0
3561,0
3562,0
3563,0
3564,1
3565,0
3566,1
3567,0
3568,1
3569,0
3570,1
3571,0
3572,1
3573,0
3574,0
3575,1
3576,0
3577,0
3578,1
3579,0
3580,1
3581,0
3582,0
3583,1
3584,1
3585,1
3586,0
3587,0
3588,0
3589,0
3590,1
3591,1
3592,0
3593,0
3594,1
3595,1
3596,0
3597,1
3598,0
3599,1
3600,0
3601,0
3602,0
3603,1
3604,1
3605,0
3606,0
3607,1
3608,1
3609,1
3610,0
3611,1
3612,0
3613,0
3614,1
3615,0
3616,0
3617,0
3618,1
3619,0
3620,0
3621,0
3622,1
3623,0
3624,1
3625,0
3626,0
3627,0
3628,0
3629,1
3630,0
3631,0
3632,0
3633,0
3634,0
3635,0
3636,0
3637,1
3638,0
3639,0
3640,0
3641,0
3642,1
3643,0
3644,0
3645,0
3646,1
3647,1
3648,0
3649,0
3650,1
3651,0
3652,0
3653,0
3654,0
3655,1
3656,0
3657,0
3658,1
3659,0
3660,0
3661,0
3662,0
3663,0
3664,1
3665,1
3666,0
3667,0
3668,1
3669,0
3670,0
3671,0
3672,0
3673,0
3674,0
3675,0
3676,0
3677,0
3678,1
3679,0
3680,0
3681,0
3682,0
3683,1
3684,0
3685,0
3686,0
3687,0
3688,0
3689,1
3690,0
3691,1
3692,0
3693,0
3694,0
3695,1
3696,1
3697,1
3698,0
3699,1
3700,1
3701,0
3702,1
3703,1
3704,1
3705,0
3706,0
3707,0
3708,1
3709,0
3710,1
3711,0
3712,0
3713,0
3714,0
3715,0
3716,0
3717,0
3718,0
3719,0
3720,0
3721,1
3722,0
3723,0
3724,0
3725,1
3726,1
3727,1
3728,0
3729,0
3730,0
3731,1
3732,0
3733,1
3734,0
3735,0
3736,0
3737,0
3738,1
3739,0
3740,0
3741,0
3742,1
3743,0
3744,1
3745,1
3746,1
3747,1
3748,1
3749,0
3750,1
3751,1
3752,0
3753,0
3754,1
3755,0
3756,0
3757,0
3758,0
3759,0
3760,0
3761,0
3762,1
3763,1
3764,0
3765,0
3766,0
3767,0
3768,0
3769,0
3770,1
3771,1
3772,0
3773,0
3774,1
3775,0
3776,1
3777,0
3778,0
3779,1
3780,0
3781,1
3782,0
3783,0
3784,0
3785,0
3786,0
3787,0
3788,1
3789,0
3790,0
3791,0
3792,0
3793,0
3794,0
3795,0
3796,0
3797,0
3798,0
3799,0
3800,0
3801,0
3802,1
3803,0
3804,0
3805,0
3806,0
3807,0
3808,0
3809,1
3810,0
3811,1
3812,0
3813,1
3814,0
3815,0
3816,0
3817,0
3818,0
3819,1
3820,0
3821,0
3822,1
3823,0
3824,0
3825,0
3826,0
3827,1
3828,1
3829,1
3830,0
3831,0
3832,0
3833,0
3834,0
3835,1
3836,1
3837,0
3838,1
3839,0
3840,0
3841,0
3842,1
3843,0
3844,0
3845,0
3846,1
3847,0
3848,0
3849,0
3850,0
3851,0
3852,1
3853,0
3854,0
3855,0
3856,1
3857,0
3858,0
3859,0
3860,1
3861,0
3862,0
3863,0
3864,0
3865,1
3866,0
3867,0
3868,0
3869,0
3870,0
3871,0
3872,0
3873,0
3874,1
3875,0
3876,0
3877,1
3878,0
3879,0
3880,0
3881,1
3882,1
3883,0
3884,0
3885,0
3886,0
3887,1
3888,0
3889,0
3890,1
3891,0
3892,1
3893,0
3894,0
3895,0
3896,0
3897,0
3898,1
3899,0
3900,0
3901,0
3902,1
3903,0
3904,0
3905,0
3906,1
3907,0
3908,1
3909,1
3910,0
3911,0
3912,0
3913,0
3914,1
3915,0
3916,1
3917,0
3918,0
3919,0
3920,0
3921,1
3922,0
3923,0
3924,0
3925,0
3926,0
3927,0
3928,0
3929,1
3930,1
3931,1
3932,0
3933,0
3934,0
3935,0
3936,0
3937,0
3938,0
3939,0
3940,1
3941,0
3942,0
3943,0
3944,1
3945,0
3946,0
3947,0
3948,1
3949,0
3950,1
3951,0
3952,0
3953,0
3954,0
3955,0
3956,0
3957,0
3958,1
3959,0
3960,0
3961,0
3962,0
3963,0
3964,1
3965,0
3966,0
3967,1
3968,1
3969,0
3970,0
3971,0
3972,1
3973,0
3974,0
3975,1
3976,0
3977,1
3978,0
3979,1
3980,1
3981,0
3982,1
3983,0
3984,0
3985,1
3986,0
3987,0
3988,0
3989,1
3990,1
3991,0
3992,0
3993,0
3994,1
3995,1
3996,1
3997,0
3998,1
3999,1
4000,1
4001,1
4002,0
4003,0
4004,1
4005,0
4006,0
4007,0
4008,0
4009,0
4010,0
4011,0
4012,1
4013,0
4014,0
4015,1
4016,0
4017,0
4018,0
4019,0
4020,0
4021,0
4022,0
4023,1
4024,0
4025,0
4026,1
4027,1
4028,0
4029,1
4030,0
4031,1
4032,1
4033,0
4034,0
4035,0
4036,0
4037,0
4038,1
4039,0
4040,0
4041,0
4042,1
4043,1
4044,0
4045,0
4046,0
4047,0
4048,0
4049,0
4050,1
4051,1
4052,1
4053,0
4054,1
4055,1
4056,0
4057,1
4058,0
4059,1
4060,1
4061,0
4062,0
4063,0
4064,0
4065,1
4066,1
4067,1
4068,1
4069,1
4070,0
4071,1
4072,0
4073,0
4074,0
4075,0
4076,0
4077,0
4078,1
4079,0
4080,0
4081,0
4082,0
4083,0
4084,0
4085,1
4086,0
4087,0
4088,0
4089,0
4090,1
4091,1
4092,0
4093,1
4094,0
4095,0
4096,0
4097,0
4098,0
4099,0
4100,0
4101,0
4102,1
4103,0
4104,1
4105,1
4106,0
4107,0
4108,1
4109,1
4110,0
4111,0
4112,0
4113,1
4114,0
4115,0
4116,1
4117,0
4118,0
4119,0
4120,0
4121,1
4122,0
4123,0
4124,1
4125,1
4126,0
4127,0
4128,0
4129,0
4130,0
4131,0
4132,0
4133,1
4134,1
4135,0
4136,0
4137,0
4138,0
4139,0
4140,0
4141,1
4142,0
4143,0
4144,0
4145,0
4146,0
4147,1
4148,0
4149,0
4150,0
4151,0
4152,0
4153,0
4154,1
4155,0
4156,0
4157,0
4158,0
4159,0
4160,0
4161,1
4162,0
4163,0
4164,0
4165,1
4166,0
4167,0
4168,1
4169,0
4170,1
4171,1
4172,1
4173,1
4174,0
4175,1
4176,1
4177,0
4178,1
4179,0
4180,0
4181,0
4182,1
4183,0
4184,0
4185,0
4186,1
4187,1
4188,0
4189,0
4190,0
4191,0
4192,0
4193,0
4194,1
4195,1
4196,0
4197,0
4198,0
4199,1
4200,1
4201,1
4202,1
4203,0
4204,0
4205,0
4206,0
4207,0
4208,0
4209,1
4210,1
4211,0
4212,0
4213,1
4214,0
4215,1
4216,0
4217,1
4218,1
4219,1
4220,1
4221,0
4222,0
4223,0
4224,1
4225,1
4226,0
4227,0
4228,0
4229,1
4230,0
4231,0
4232,0
4233,0
4234,1
4235,0
4236,1
4237,0
4238,1
4239,1
4240,1
4241,0
4242,0
4243,0
4244,1
4245,0
4246,0
4247,0
4248,0
4249,0
4250,1
4251,0
4252,1
4253,1
4254,0
4255,0
4256,1
4257,0
4258,0
4259,0
4260,1
4261,0
4262,0
4263,0
4264,1
4265,0
4266,0
4267,1
4268,0
4269,0
4270,1
4271,0
4272,0
4273,0
4274,0
4275,1
4276,0
4277,0
4278,0
4279,0
4280,1
4281,0
4282,0
4283,1
4284,0
4285,0
4286,0
4287,0
4288,0
4289,1
4290,0
4291,0
4292,0
4293,0
4294,0
4295,0
4296,1
4297,0
4298,0
4299,0
4300,0
4301,1
4302,0
4303,0
4304,0
4305,1
4306,1
4307,1
4308,0
4309,1
4310,0
4311,0
4312,1
4313,0
4314,0
4315,0
4316,1
4317,0
4318,0
4319,0
4320,0
4321,0
4322,0
4323,0
4324,0
4325,0
4326,0
4327,0
4328,1
4329,0
4330,1
4331,0
4332,0
4333,0
4334,1
4335,1
4336,0
4337,1
4338,0
4339,0
4340,0
4341,0
4342,0
4343,0
4344,0
4345,0
4346,1
4347,0
4348,0
4349,0
4350,0
4351,0
4352,1
4353,0
4354,0
4355,0
4356,0
4357,0
4358,0
4359,1
4360,0
4361,0
4362,1
4363,1
4364,1
4365,0
4366,1
4367,0
4368,1
4369,0
4370,1
4371,0
4372,0
4373,0
4374,0
4375,0
4376,1
4377,0
4378,0
4379,0
4380,1
4381,1
4382,0
4383,0
4384,0
4385,1
4386,1
4387,1
4388,0
4389,0
4390,1
4391,1
4392,0
4393,0
4394,0
4395,1
4396,0
4397,1
4398,0
4399,1
4400,0
4401,0
4402,0
4403,0
4404,0
4405,1
4406,0
4407,0
4408,0
4409,0
4410,1
4411,1
4412,0
4413,0
4414,1
4415,0
4416,0
4417,0
4418,1
4419,0
4420,0
4421,0
4422,1
4423,0
4424,0
4425,1
4426,0
4427,0
4428,0
4429,0
4430,0
4431,1
4432,1
4433,0
4434,0
4435,0
4436,0
4437,1
4438,0
4439,0
4440,0
4441,0
4442,0
4443,0
4444,0
4445,0
4446,0
4447,1
4448,0
4449,0
4450,0
4451,0
4452,0
4453,1
4454,0
4455,0
4456,0
4457,0
4458,0
4459,0
4460,1
4461,1
4462,0
4463,0
4464,0
4465,0
4466,0
4467,0
4468,0
4469,0
4470,0
4471,0
4472,1
4473,0
4474,0
4475,0
4476,1
4477,0
4478,0
4479,1
4480,1
4481,0
4482,0
4483,1
4484,0
4485,0
4486,0
4487,1
4488,0
4489,0
4490,1
4491,1
4492,0
4493,1
4494,0
4495,0
4496,0
4497,1
4498,0
4499,0
4500,1
4501,1
4502,1
4503,1
4504,1
4505,0
4506,0
4507,0
4508,1
4509,0
4510,1
4511,1
4512,0
4513,0
4514,0
4515,0
4516,0
4517,1
4518,1
4519,0
4520,0
4521,1
4522,0
4523,1
4524,0
4525,1
4526,0
4527,0
4528,1
4529,0
4530,0
4531,1
4532,1
4533,0
4534,0
4535,0
4536,0
4537,1
4538,0
4539,0
4540,0
4541,0
4542,0
4543,0
4544,0
4545,0
4546,0
4547,0
4548,0
4549,0
4550,0
4551,1
4552,0
4553,1
4554,0
4555,1
4556,1
4557,0
4558,1
4559,0
4560,0
4561,0
4562,0
4563,0
4564,0
4565,1
4566,0
4567,0
4568,0
4569,0
4570,0
4571,1
4572,0
4573,0
4574,0
4575,1
4576,1
4577,1
4578,1
4579,0
4580,0
4581,0
4582,0
4583,0
4584,0
4585,1
4586,0
4587,0
4588,0
4589,0
4590,0
4591,1
4592,0
4593,1
4594,0
4595,0
4596,1
4597,0
4598,1
4599,0
4600,0
4601,1
4602,1
4603,0
4604,1
4605,0
4606,0
4607,1
4608,0
4609,0
4610,1
4611,0
4612,1
4613,0
4614,0
4615,0
4616,1
4617,0
4618,1
4619,0
4620,0
4621,0
4622,0
4623,0
4624,0
4625,0
4626,0
4627,0
4628,0
4629,0
4630,0
4631,0
4632,1
4633,0
4634,1
4635,0
4636,0
4637,0
4638,1
4639,1
4640,0
4641,0
4642,0
4643,0
4644,0
4645,0
4646,1
4647,0
4648,1
4649,0
4650,0
4651,0
4652,0
4653,0
4654,0
4655,1
4656,0
4657,1
4658,0
4659,1
4660,0
4661,1
4662,1
4663,1
4664,1
4665,0
4666,0
4667,1
4668,0
4669,1
4670,1
4671,0
4672,0
4673,0
4674,0
4675,0
4676,0
4677,0
4678,0
4679,0
4680,0
4681,0
4682,1
4683,0
4684,0
4685,0
4686,1
4687,0
4688,0
4689,0
4690,0
4691,1
4692,0
4693,0
4694,0
4695,1
4696,0
4697,0
4698,0
4699,0
4700,0
4701,1
4702,0
4703,0
4704,0
4705,1
4706,0
4707,1
4708,0
4709,1
4710,0
4711,0
4712,0
4713,0
4714,0
4715,0
4716,1
4717,0
4718,0
4719,1
4720,1
4721,0
4722,1
4723,0
4724,0
4725,0
4726,0
4727,0
4728,0
4729,1
4730,0
4731,0
4732,1
4733,0
4734,1
4735,0
4736,0
4737,0
4738,0
4739,0
4740,0
4741,0
4742,0
4743,1
4744,0
4745,0
4746,1
4747,1
4748,1
4749,1
4750,0
4751,1
4752,0
4753,0
4754,1
4755,0
4756,0
4757,1
4758,0
4759,0
4760,0
4761,0
4762,0
4763,0
4764,0
4765,0
4766,0
4767,0
4768,0
4769,0
4770,0
4771,0
4772,1
4773,1
4774,0
4775,0
4776,0
4777,1
4778,1
4779,0
4780,1
4781,0
4782,0
4783,0
4784,1
4785,0
4786,1
4787,0
4788,0
4789,0
4790,0
4791,1
4792,0
4793,1
4794,0
4795,0
4796,0
4797,0
4798,0
4799,0
4800,1
4801,0
4802,0
4803,0
4804,0
4805,0
4806,0
4807,0
4808,0
4809,0
4810,1
4811,0
4812,0
4813,1
4814,0
4815,1
4816,1
4817,0
4818,1
4819,1
4820,0
4821,0
4822,1
4823,1
4824,0
4825,0
4826,0
4827,1
4828,0
4829,0
4830,0
4831,1
4832,0
4833,1
4834,1
4835,0
4836,0
4837,1
4838,1
4839,1
4840,1
4841,1
4842,1
4843,0
4844,1
4845,0
4846,0
4847,0
4848,0
4849,0
4850,1
4851,0
4852,0
4853,0
4854,0
4855,0
4856,1
4857,1
4858,0
4859,1
4860,0
4861,0
4862,1
4863,0
4864,0
4865,0
4866,0
4867,0
4868,1
4869,0
4870,0
4871,1
4872,1
4873,0
4874,1
4875,0
4876,0
4877,0
4878,0
4879,0
4880,1
4881,1
4882,1
4883,0
4884,1
4885,0
4886,0
4887,1
4888,1
4889,0
4890,1
4891,1
4892,1
4893,0
4894,1
4895,1
4896,0
4897,0
4898,0
4899,0
4900,0
4901,0
4902,0
4903,0
4904,0
4905,0
4906,0
4907,0
4908,1
4909,0
4910,0
4911,1
4912,0
4913,1
4914,1
4915,0
4916,1
4917,0
4918,1
4919,0
4920,0
4921,0
4922,0
4923,0
4924,1
4925,0
4926,0
4927,0
4928,0
4929,0
4930,0
4931,0
4932,0
4933,0
4934,1
4935,0
4936,0
4937,0
4938,1
4939,1
4940,1
4941,0
4942,1
4943,0
4944,1
4945,0
4946,0
4947,0
4948,0
4949,0
4950,0
4951,0
4952,0
4953,1
4954,0
4955,0
4956,1
4957,0
4958,0
4959,0
4960,0
4961,0
4962,0
4963,1
4964,0
4965,0
4966,0
4967,0
4968,0
4969,0
4970,0
4971,0
4972,0
4973,0
4974,0
4975,0
4976,0
4977,1
4978,1
4979,0
4980,0
4981,0
4982,1
4983,1
4984,1
4985,0
4986,0
4987,0
4988,0
4989,0
4990,0
4991,1
4992,0
4993,0
4994,1
4995,0
4996,0
4997,1
4998,0
4999,0
5000,0
5001,0
5002,0
5003,1
5004,0
5005,0
5006,0
5007,0
5008,0
5009,0
5010,0
5011,0
5012,0
5013,1
5014,0
5015,1
5016,0
5017,0
5018,0
5019,0
5020,0
5021,0
5022,0
5023,0
5024,1
5025,0
5026,0
5027,0
5028,0
5029,1
5030,1
5031,0
5032,0
5033,0
5034,0
5035,0
5036,0
5037,0
5038,1
5039,1
5040,0
5041,1
5042,0
5043,1
5044,1
5045,0
5046,1
5047,0
5048,0
5049,1
5050,1
5051,0
5052,0
5053,1
5054,0
5055,0
5056,0
5057,0
5058,0
5059,0
5060,0
5061,0
5062,0
5063,0
5064,0
5065,0
5066,1
5067,0
5068,0
5069,1
5070,0
5071,0
5072,0
5073,1
5074,0
5075,0
5076,0
5077,0
5078,0
5079,1
5080,0
5081,0
5082,0
5083,0
5084,1
5085,0
5086,0
5087,0
5088,0
5089,1
5090,0
5091,1
5092,0
5093,0
5094,0
5095,1
5096,0
5097,0
5098,0
5099,1
5100,0
5101,0
5102,0
5103,0
5104,0
5105,0
5106,0
5107,0
5108,0
5109,0
5110,1
5111,0
5112,1
5113,0
5114,0
5115,1
5116,0
5117,1
5118,0
5119,0
5120,1
5121,0
5122,1
5123,0
5124,1
5125,0
5126,1
5127,1
5128,0
5129,0
5130,1
5131,1
5132,0
5133,0
5134,1
5135,0
5136,1
5137,0
5138,0
5139,1
5140,1
5141,0
5142,0
5143,0
5144,0
5145,0
5146,1
5147,1
5148,0
5149,0
5150,1
5151,0
5152,0
5153,1
5154,1
5155,0
5156,1
5157,0
5158,0
5159,0
5160,1
5161,0
5162,1
5163,1
5164,0
5165,0
5166,1
5167,1
5168,0
5169,1
5170,0
5171,0
5172,0
5173,0
5174,1
5175,0
5176,1
5177,1
5178,1
5179,0
5180,0
5181,0
5182,0
5183,0
5184,0
5185,0
5186,0
5187,0
5188,0
5189,0
5190,0
5191,0
5192,1
5193,0
5194,1
5195,0
5196,0
5197,1
5198,0
5199,0
5200,1
5201,0
5202,1
5203,0
5204,0
5205,1
5206,0
5207,0
5208,1
5209,1
5210,1
5211,0
5212,1
5213,0
5214,1
5215,0
5216,1
5217,0
5218,0
5219,0
5220,0
5221,0
5222,1
5223,0
5224,0
5225,1
5226,0
5227,0
5228,1
5229,1
5230,0
5231,0
5232,0
5233,0
5234,0
5235,0
5236,0
5237,1
5238,0
5239,1
5240,1
5241,0
5242,0
5243,1
5244,0
5245,0
5246,1
5247,1
5248,0
5249,0
5250,0
5251,0
5252,1
5253,1
5254,0
5255,0
5256,1
5257,1
5258,1
5259,0
5260,0
5261,0
5262,0
5263,0
5264,0
5265,1
5266,1
5267,0
5268,0
5269,0
5270,0
5271,0
5272,0
5273,0
5274,0
5275,0
5276,0
5277,0
5278,1
5279,0
5280,0
5281,0
5282,1
5283,0
5284,1
5285,1
5286,0
5287,0
5288,0
5289,0
5290,0
5291,0
5292,0
5293,1
5294,0
5295,0
5296,1
5297,0
5298,1
5299,0
5300,0
5301,0
5302,0
5303,0
5304,0
5305,0
5306,0
5307,0
5308,1
5309,0
5310,0
5311,0
5312,0
5313,0
5314,0
5315,0
5316,0
5317,0
5318,0
5319,0
5320,1
5321,1
5322,1
5323,0
5324,1
5325,1
5326,1
5327,0
5328,0
5329,0
5330,0
5331,1
5332,0
5333,0
5334,0
5335,0
5336,0
5337,0
5338,1
5339,1
5340,0
5341,1
5342,1
5343,1
5344,0
5345,0
5346,0
5347,1
5348,0
5349,0
5350,0
5351,1
5352,0
5353,0
5354,0
5355,0
5356,0
5357,0
5358,0
5359,0
5360,1
5361,1
5362,1
5363,1
5364,0
5365,0
5366,1
5367,0
5368,1
5369,0
5370,0
5371,1
5372,0
5373,1
5374,0
5375,0
5376,0
5377,0
5378,0
5379,0
5380,0
5381,1
5382,0
5383,0
5384,0
5385,1
5386,0
5387,0
5388,1
5389,0
5390,1
5391,1
5392,1
5393,1
5394,0
5395,0
5396,0
5397,0
5398,1
5399,0
5400,0
5401,1
5402,0
5403,1
5404,1
5405,0
5406,1
5407,1
5408,0
5409,1
5410,0
5411,1
5412,0
5413,0
5414,1
5415,0
5416,1
5417,0
5418,0
5419,1
5420,0
5421,0
5422,1
5423,0
5424,1
5425,0
5426,0
5427,0
5428,0
5429,0
5430,0
5431,0
5432,0
5433,1
5434,0
5435,1
5436,0
5437,0
5438,1
5439,0
5440,1
5441,0
5442,0
5443,0
5444,0
5445,1
5446,1
5447,0
5448,0
5449,0
5450,0
5451,0
5452,0
5453,1
5454,1
5455,0
5456,0
5457,0
5458,0
5459,0
5460,1
5461,0
5462,0
5463,0
5464,0
5465,0
5466,1
5467,1
5468,0
5469,0
5470,0
5471,0
5472,0
5473,0
5474,0
5475,0
5476,1
5477,1
5478,0
5479,0
5480,1
5481,0
5482,0
5483,0
5484,0
5485,0
5486,0
5487,0
5488,0
5489,0
5490,1
5491,0
5492,1
5493,0
5494,0
5495,0
5496,0
5497,1
5498,1
5499,0
5500,0
5501,1
5502,0
5503,0
5504,0
5505,1
5506,0
5507,0
5508,1
5509,1
5510,0
5511,0
5512,0
5513,0
5514,0
5515,1
5516,1
5517,0
5518,0
5519,0
5520,0
5521,1
5522,0
5523,1
5524,1
5525,0
5526,0
5527,0
5528,1
5529,0
5530,0
5531,0
5532,0
5533,0
5534,0
5535,0
5536,0
5537,0
5538,0
5539,1
5540,0
5541,1
5542,0
5543,1
5544,0
5545,0
5546,1
5547,0
5548,1
5549,0
5550,0
5551,0
5552,0
5553,0
5554,0
5555,1
5556,0
5557,0
5558,1
5559,0
5560,0
5561,1
5562,0
5563,0
5564,0
5565,0
5566,1
5567,0
5568,0
5569,0
5570,0
5571,0
5572,0
5573,1
5574,0
5575,0
5576,0
5577,1
5578,0
5579,1
5580,0
5581,0
5582,0
5583,0
5584,0
5585,0
5586,1
5587,0
5588,1
5589,0
5590,1
5591,0
5592,0
5593,0
5594,1
5595,1
5596,0
5597,0
5598,0
5599,0
5600,1
5601,0
5602,1
5603,0
5604,1
5605,0
5606,0
5607,0
5608,1
5609,0
5610,0
5611,0
5612,1
5613,0
5614,0
5615,0
5616,1
5617,0
5618,1
5619,1
5620,0
5621,0
5622,0
5623,0
5624,0
5625,1
5626,1
5627,0
5628,1
5629,0
5630,0
5631,1
5632,1
5633,0
5634,1
5635,1
5636,0
5637,0
5638,0
5639,0
5640,0
5641,0
5642,0
5643,0
5644,0
5645,0
5646,0
5647,0
5648,0
5649,0
5650,0
5651,0
5652,0
5653,1
5654,1
5655,1
5656,1
5657,0
5658,1
5659,0
5660,0
5661,0
5662,0
5663,0
5664,0
5665,0
5666,1
5667,0
5668,0
5669,1
5670,1
5671,1
5672,0
5673,0
5674,0
5675,0
5676,1
5677,1
5678,1
5679,0
5680,0
5681,1
5682,1
5683,0
5684,1
5685,0
5686,1
5687,1
5688,0
5689,0
5690,1
5691,0
5692,0
5693,1
5694,0
5695,0
5696,0
5697,0
5698,0
5699,0
5700,1
5701,0
5702,0
5703,0
5704,0
5705,1
5706,1
5707,0
5708,0
5709,0
5710,1
5711,0
5712,1
5713,0
5714,0
5715,1
5716,0
5717,0
5718,0
5719,0
5720,0
5721,0
5722,0
5723,1
5724,0
5725,1
5726,1
5727,0
5728,0
5729,0
5730,0
5731,1
5732,0
5733,0
5734,0
5735,0
5736,1
5737,1
5738,1
5739,0
5740,1
5741,0
5742,1
5743,0
5744,0
5745,0
5746,0
5747,0
5748,0
5749,0
5750,0
5751,0
5752,0
5753,0
5754,0
5755,0
5756,0
5757,0
5758,0
5759,0
5760,0
5761,0
5762,0
5763,1
5764,0
5765,0
5766,1
5767,1
5768,1
5769,1
5770,0
5771,0
5772,0
5773,1
5774,0
5775,0
5776,0
5777,1
5778,0
5779,1
5780,1
5781,1
5782,0
5783,1
5784,0
5785,1
5786,0
5787,1
5788,0
5789,0
5790,0
5791,1
5792,0
5793,0
5794,0
5795,0
5796,0
5797,0
5798,0
5799,0
5800,0
5801,0
5802,0
5803,0
5804,0
5805,0
5806,1
5807,1
5808,0
5809,0
5810,0
5811,0
5812,0
5813,0
5814,1
5815,0
5816,0
5817,1
5818,0
5819,0
5820,0
5821,0
5822,1
5823,0
5824,0
5825,0
5826,1
5827,0
5828,0
5829,1
5830,1
5831,0
5832,1
5833,0
5834,0
5835,1
5836,0
5837,1
5838,0
5839,0
5840,1
5841,1
5842,0
5843,0
5844,0
5845,0
5846,0
5847,0
5848,1
5849,1
5850,0
5851,0
5852,0
5853,1
5854,0
5855,0
5856,0
5857,1
