Id,Category
1,0
2,0
3,0
4,0
5,0
6,0
7,0
8,0
9,0
10,0
11,0
12,0
13,0
14,0
15,0
16,0
17,0
18,0
19,0
20,0
21,0
22,0
23,0
24,0
25,0
26,0
27,0
28,0
29,0
30,0
31,0
32,0
33,0
34,0
35,0
36,0
37,0
38,0
39,0
40,0
41,0
42,0
43,0
44,0
45,0
46,0
47,0
48,0
49,0
50,0
51,0
52,0
53,0
54,0
55,0
56,0
57,0
58,0
59,0
60,0
61,0
62,0
63,0
64,6
65,0
66,0
67,0
68,0
69,0
70,0
71,0
72,0
73,0
74,0
75,0
76,0
77,0
78,0
79,2
80,0
81,0
82,0
83,0
84,0
85,0
86,0
87,0
88,0
89,0
90,0
91,0
92,0
93,0
94,0
95,0
96,0
97,0
98,7
99,0
100,0
101,0
102,0
103,0
104,0
105,0
106,0
107,0
108,0
109,6
110,0
111,0
112,0
113,0
114,0
115,0
116,0
117,8
118,0
119,0
120,0
121,0
122,0
123,0
124,0
125,0
126,0
127,0
128,0
129,0
130,0
131,0
132,0
133,0
134,0
135,6
136,0
137,0
138,0
139,0
140,6
141,0
142,0
143,0
144,0
145,0
146,0
147,0
148,0
149,0
150,0
151,0
152,0
153,0
154,0
155,0
156,0
157,0
158,0
159,0
160,0
161,0
162,0
163,0
164,0
165,0
166,0
167,0
168,0
169,0
170,0
171,0
172,0
173,0
174,0
175,0
176,0
177,0
178,0
179,0
180,0
181,0
182,0
183,0
184,0
185,0
186,0
187,0
188,0
189,8
190,8
191,0
192,0
193,0
194,0
195,0
196,0
197,0
198,0
199,0
200,0
201,0
202,5
203,0
204,0
205,0
206,0
207,0
208,0
209,0
210,0
211,0
212,0
213,0
214,0
215,0
216,0
217,0
218,0
219,0
220,0
221,0
222,0
223,0
224,0
225,0
226,0
227,0
228,0
229,0
230,0
231,6
232,0
233,0
234,0
235,0
236,0
237,0
238,0
239,0
240,0
241,0
242,0
243,0
244,0
245,0
246,0
247,0
248,0
249,0
250,0
251,0
252,0
253,0
254,0
255,0
256,0
257,0
258,0
259,0
260,0
261,0
262,0
263,0
264,0
265,0
266,6
267,0
268,0
269,0
270,0
271,0
272,0
273,0
274,0
275,0
276,0
277,0
278,0
279,0
280,0
281,0
282,0
283,0
284,0
285,0
286,0
287,0
288,0
289,0
290,0
291,0
292,0
293,0
294,0
295,0
296,0
297,0
298,0
299,0
300,0
301,0
302,0
303,0
304,0
305,0
306,0
307,0
308,0
309,0
310,0
311,0
312,0
313,0
314,0
315,0
316,0
317,0
318,0
319,8
320,0
321,0
322,0
323,0
324,0
325,0
326,0
327,0
328,0
329,0
330,0
331,0
332,0
333,0
334,0
335,0
336,0
337,0
338,0
339,0
340,0
341,0
342,0
343,0
344,0
345,0
346,0
347,0
348,0
349,0
350,0
351,0
352,0
353,0
354,0
355,0
356,0
357,0
358,0
359,0
360,0
361,0
362,0
363,0
364,0
365,0
366,0
367,0
368,0
369,0
370,0
371,0
372,0
373,0
374,0
375,0
376,0
377,9
378,0
379,0
380,0
381,0
382,0
383,0
384,0
385,0
386,0
387,0
388,0
389,0
390,0
391,0
392,0
393,0
394,0
395,0
396,0
397,0
398,0
399,3
400,0
401,0
402,0
403,0
404,0
405,0
406,0
407,0
408,0
409,0
410,0
411,0
412,0
413,0
414,0
415,0
416,0
417,0
418,6
419,0
420,0
421,0
422,0
423,0
424,0
425,0
426,0
427,0
428,0
429,0
430,0
431,0
432,0
433,0
434,0
435,0
436,0
437,0
438,0
439,0
440,0
441,0
442,0
443,0
444,0
445,0
446,0
447,0
448,0
449,0
450,8
451,0
452,0
453,0
454,0
455,0
456,0
457,0
458,0
459,0
460,0
461,0
462,5
463,0
464,0
465,0
466,0
467,0
468,0
469,0
470,0
471,0
472,0
473,0
474,0
475,0
476,0
477,0
478,0
479,3
480,0
481,0
482,0
483,0
484,0
485,0
486,0
487,0
488,0
489,0
490,0
491,0
492,0
493,0
494,0
495,0
496,0
497,0
498,0
499,0
500,0
501,0
502,0
503,0
504,0
505,0
506,0
507,0
508,0
509,0
510,0
511,0
512,0
513,0
514,0
515,0
516,0
517,0
518,0
519,0
520,0
521,0
522,0
523,0
524,0
525,0
526,0
527,0
528,0
529,6
530,0
531,0
532,0
533,0
534,0
535,0
536,0
537,8
538,0
539,0
540,0
541,0
542,0
543,0
544,0
545,0
546,0
547,0
548,0
549,0
550,0
551,0
552,0
553,0
554,0
555,0
556,0
557,0
558,0
559,0
560,0
561,0
562,0
563,0
564,0
565,0
566,0
567,0
568,0
569,0
570,5
571,0
572,0
573,0
574,0
575,0
576,0
577,0
578,0
579,0
580,0
581,0
582,0
583,0
584,0
585,0
586,0
587,0
588,0
589,0
590,0
591,0
592,0
593,0
594,0
595,0
596,0
597,0
598,0
599,0
600,0
601,0
602,0
603,0
604,0
605,0
606,0
607,6
608,0
609,6
610,6
611,0
612,0
613,0
614,0
615,0
616,0
617,0
618,0
619,0
620,0
621,0
622,7
623,0
624,0
625,0
626,0
627,0
628,0
629,0
630,7
631,0
632,0
633,0
634,5
635,4
636,0
637,0
638,0
639,0
640,0
641,0
642,0
643,0
644,0
645,0
646,0
647,0
648,0
649,0
650,0
651,0
652,0
653,0
654,0
655,0
656,0
657,0
658,0
659,0
660,0
661,0
662,0
663,0
664,0
665,0
666,0
667,0
668,0
669,0
670,0
671,0
672,0
673,0
674,0
675,0
676,0
677,0
678,0
679,0
680,0
681,0
682,0
683,0
684,0
685,0
686,0
687,0
688,0
689,0
690,0
691,0
692,0
693,0
694,0
695,0
696,0
697,0
698,0
699,0
700,0
701,0
702,0
703,0
704,0
705,0
706,0
707,0
708,0
709,0
710,0
711,0
712,0
713,0
714,0
715,0
716,0
717,5
718,0
719,0
720,0
721,0
722,0
723,0
724,0
725,0
726,0
727,0
728,0
729,0
730,0
731,0
732,0
733,0
734,0
735,0
736,0
737,0
738,0
739,0
740,0
741,0
742,0
743,0
744,0
745,0
746,0
747,0
748,0
749,0
750,0
751,0
752,0
753,0
754,0
755,0
756,0
757,0
758,0
759,0
760,0
761,0
762,0
763,0
764,0
765,0
766,0
767,0
768,0
769,0
770,0
771,0
772,0
773,0
774,0
775,0
776,0
777,0
778,0
779,0
780,0
781,0
782,0
783,0
784,0
785,0
786,0
787,0
788,0
789,0
790,0
791,0
792,0
793,0
794,0
795,0
796,0
797,0
798,0
799,0
800,0
801,0
802,0
803,0
804,0
805,0
806,0
807,0
808,0
809,0
810,0
811,0
812,0
813,0
814,0
815,0
816,0
817,0
818,0
819,0
820,0
821,0
822,0
823,0
824,0
825,0
826,0
827,0
828,0
829,0
830,0
831,0
832,0
833,0
834,0
835,0
836,0
837,0
838,0
839,0
840,0
841,0
842,0
843,0
844,0
845,0
846,0
847,0
848,0
849,0
850,0
851,0
852,0
853,0
854,0
855,0
856,0
857,0
858,0
859,0
860,0
861,0
862,0
863,0
864,0
865,0
866,0
867,0
868,0
869,0
870,0
871,0
872,0
873,0
874,0
875,0
876,0
877,0
878,0
879,0
880,4
881,0
882,0
883,0
884,0
885,0
886,0
887,0
888,0
889,0
890,0
891,0
892,0
893,0
894,0
895,0
896,0
897,0
898,0
899,0
900,0
901,0
902,0
903,0
904,0
905,0
906,0
907,0
908,0
909,0
910,0
911,0
912,0
913,0
914,0
915,0
916,0
917,0
918,0
919,0
920,0
921,0
922,0
923,0
924,0
925,0
926,0
927,0
928,0
929,0
930,0
931,0
932,0
933,0
934,0
935,0
936,0
937,0
938,0
939,0
940,0
941,0
942,0
943,8
944,0
945,0
946,0
947,0
948,0
949,0
950,0
951,0
952,0
953,0
954,0
955,0
956,0
957,0
958,0
959,0
960,0
961,0
962,0
963,0
964,0
965,0
966,0
967,0
968,0
969,0
970,0
971,0
972,0
973,0
974,0
975,0
976,0
977,3
978,0
979,0
980,0
981,1
982,1
983,1
984,1
985,1
986,1
987,1
988,1
989,1
990,1
991,1
992,1
993,1
994,1
995,0
996,1
997,1
998,1
999,1
1000,1
1001,1
1002,1
1003,1
1004,1
1005,1
1006,1
1007,1
1008,1
1009,1
1010,1
1011,1
1012,1
1013,1
1014,1
1015,1
1016,1
1017,1
1018,1
1019,1
1020,1
1021,1
1022,1
1023,1
1024,1
1025,1
1026,1
1027,1
1028,1
1029,1
1030,3
1031,1
1032,1
1033,1
1034,1
1035,1
1036,1
1037,1
1038,1
1039,1
1040,1
1041,1
1042,1
1043,1
1044,1
1045,1
1046,1
1047,1
1048,1
1049,1
1050,1
1051,1
1052,1
1053,1
1054,1
1055,1
1056,1
1057,1
1058,1
1059,1
1060,1
1061,1
1062,1
1063,1
1064,1
1065,1
1066,1
1067,1
1068,1
1069,1
1070,1
1071,1
1072,1
1073,1
1074,1
1075,1
1076,1
1077,1
1078,1
1079,1
1080,1
1081,1
1082,1
1083,1
1084,1
1085,1
1086,1
1087,1
1088,1
1089,1
1090,1
1091,1
1092,1
1093,1
1094,1
1095,1
1096,1
1097,1
1098,6
1099,1
1100,1
1101,1
1102,1
1103,1
1104,1
1105,1
1106,1
1107,1
1108,1
1109,1
1110,1
1111,1
1112,1
1113,1
1114,1
1115,8
1116,1
1117,1
1118,1
1119,1
1120,8
1121,1
1122,1
1123,1
1124,1
1125,1
1126,1
1127,1
1128,1
1129,1
1130,1
1131,1
1132,1
1133,1
1134,1
1135,1
1136,1
1137,1
1138,1
1139,1
1140,1
1141,1
1142,1
1143,1
1144,1
1145,1
1146,1
1147,1
1148,1
1149,1
1150,1
1151,1
1152,1
1153,1
1154,1
1155,1
1156,1
1157,1
1158,1
1159,1
1160,1
1161,6
1162,1
1163,1
1164,1
1165,1
1166,1
1167,1
1168,1
1169,1
1170,1
1171,1
1172,1
1173,1
1174,1
1175,1
1176,1
1177,1
1178,1
1179,1
1180,1
1181,1
1182,1
1183,1
1184,1
1185,1
1186,8
1187,1
1188,1
1189,1
1190,1
1191,1
1192,1
1193,1
1194,1
1195,1
1196,1
1197,1
1198,1
1199,1
1200,4
1201,1
1202,1
1203,1
1204,1
1205,1
1206,1
1207,1
1208,1
1209,1
1210,1
1211,1
1212,1
1213,8
1214,1
1215,1
1216,1
1217,1
1218,1
1219,1
1220,1
1221,1
1222,1
1223,1
1224,1
1225,1
1226,1
1227,1
1228,1
1229,1
1230,1
1231,1
1232,5
1233,1
1234,1
1235,1
1236,1
1237,1
1238,1
1239,1
1240,6
1241,1
1242,1
1243,1
1244,1
1245,1
1246,1
1247,1
1248,1
1249,1
1250,1
1251,1
1252,1
1253,1
1254,1
1255,1
1256,1
1257,1
1258,1
1259,1
1260,1
1261,1
1262,1
1263,1
1264,1
1265,1
1266,1
1267,8
1268,1
1269,1
1270,1
1271,1
1272,1
1273,1
1274,1
1275,1
1276,1
1277,1
1278,1
1279,1
1280,1
1281,1
1282,1
1283,1
1284,1
1285,1
1286,1
1287,1
1288,1
1289,1
1290,1
1291,1
1292,1
1293,1
1294,1
1295,1
1296,1
1297,8
1298,1
1299,1
1300,1
1301,1
1302,1
1303,1
1304,1
1305,1
1306,1
1307,1
1308,1
1309,1
1310,8
1311,1
1312,1
1313,1
1314,1
1315,1
1316,1
1317,1
1318,1
1319,1
1320,1
1321,1
1322,1
1323,1
1324,1
1325,1
1326,1
1327,1
1328,1
1329,2
1330,1
1331,1
1332,1
1333,1
1334,1
1335,2
1336,1
1337,1
1338,1
1339,1
1340,1
1341,1
1342,1
1343,1
1344,1
1345,1
1346,1
1347,1
1348,1
1349,1
1350,1
1351,1
1352,1
1353,1
1354,1
1355,1
1356,1
1357,1
1358,1
1359,1
1360,1
1361,1
1362,1
1363,1
1364,1
1365,1
1366,1
1367,1
1368,1
1369,1
1370,1
1371,1
1372,1
1373,1
1374,1
1375,1
1376,1
1377,1
1378,1
1379,1
1380,1
1381,1
1382,1
1383,1
1384,1
1385,8
1386,1
1387,1
1388,1
1389,8
1390,1
1391,1
1392,1
1393,1
1394,1
1395,1
1396,1
1397,1
1398,1
1399,1
1400,1
1401,1
1402,1
1403,1
1404,1
1405,1
1406,1
1407,1
1408,1
1409,1
1410,1
1411,1
1412,1
1413,1
1414,1
1415,1
1416,1
1417,1
1418,1
1419,1
1420,1
1421,1
1422,2
1423,1
1424,1
1425,1
1426,1
1427,8
1428,1
1429,1
1430,1
1431,1
1432,1
1433,1
1434,1
1435,1
1436,1
1437,1
1438,1
1439,1
1440,1
1441,1
1442,1
1443,1
1444,1
1445,1
1446,1
1447,1
1448,1
1449,1
1450,1
1451,1
1452,1
1453,1
1454,1
1455,1
1456,1
1457,1
1458,8
1459,0
1460,1
1461,1
1462,1
1463,1
1464,1
1465,1
1466,5
1467,2
1468,1
1469,1
1470,1
1471,1
1472,1
1473,1
1474,1
1475,1
1476,1
1477,1
1478,1
1479,1
1480,1
1481,1
1482,1
1483,1
1484,1
1485,1
1486,8
1487,1
1488,1
1489,1
1490,1
1491,1
1492,1
1493,1
1494,1
1495,1
1496,1
1497,1
1498,1
1499,1
1500,1
1501,1
1502,1
1503,1
1504,1
1505,1
1506,1
1507,1
1508,1
1509,1
1510,1
1511,1
1512,1
1513,1
1514,1
1515,1
1516,1
1517,1
1518,1
1519,1
1520,1
1521,1
1522,1
1523,1
1524,1
1525,1
1526,1
1527,1
1528,1
1529,1
1530,1
1531,1
1532,1
1533,1
1534,1
1535,1
1536,1
1537,1
1538,1
1539,1
1540,1
1541,1
1542,1
1543,1
1544,1
1545,1
1546,1
1547,1
1548,1
1549,1
1550,1
1551,1
1552,1
1553,1
1554,1
1555,1
1556,1
1557,1
1558,1
1559,1
1560,1
1561,1
1562,1
1563,1
1564,1
1565,1
1566,1
1567,1
1568,1
1569,1
1570,1
1571,1
1572,1
1573,1
1574,1
1575,1
1576,1
1577,1
1578,1
1579,1
1580,1
1581,1
1582,1
1583,1
1584,1
1585,1
1586,1
1587,1
1588,1
1589,1
1590,1
1591,1
1592,1
1593,1
1594,1
1595,1
1596,1
1597,1
1598,1
1599,1
1600,1
1601,8
1602,1
1603,1
1604,1
1605,1
1606,1
1607,1
1608,1
1609,1
1610,1
1611,1
1612,1
1613,1
1614,1
1615,1
1616,1
1617,1
1618,1
1619,1
1620,1
1621,1
1622,1
1623,1
1624,1
1625,1
1626,8
1627,1
1628,1
1629,1
1630,1
1631,1
1632,1
1633,1
1634,1
1635,1
1636,1
1637,8
1638,1
1639,1
1640,1
1641,1
1642,1
1643,1
1644,1
1645,1
1646,1
1647,1
1648,1
1649,1
1650,1
1651,1
1652,1
1653,1
1654,1
1655,1
1656,1
1657,1
1658,1
1659,1
1660,1
1661,1
1662,1
1663,1
1664,1
1665,1
1666,1
1667,4
1668,3
1669,1
1670,1
1671,1
1672,1
1673,1
1674,1
1675,8
1676,1
1677,1
1678,1
1679,1
1680,1
1681,1
1682,1
1683,1
1684,1
1685,1
1686,1
1687,1
1688,1
1689,1
1690,1
1691,1
1692,1
1693,1
1694,1
1695,1
1696,1
1697,1
1698,1
1699,1
1700,1
1701,1
1702,1
1703,1
1704,1
1705,1
1706,1
1707,1
1708,1
1709,1
1710,1
1711,1
1712,1
1713,1
1714,1
1715,1
1716,1
1717,1
1718,1
1719,1
1720,1
1721,1
1722,1
1723,1
1724,1
1725,1
1726,9
1727,1
1728,1
1729,1
1730,1
1731,1
1732,1
1733,1
1734,1
1735,1
1736,8
1737,1
1738,1
1739,1
1740,1
1741,1
1742,8
1743,1
1744,1
1745,1
1746,1
1747,1
1748,1
1749,1
1750,1
1751,1
1752,1
1753,1
1754,1
1755,1
1756,1
1757,1
1758,1
1759,1
1760,1
1761,1
1762,1
1763,1
1764,1
1765,1
1766,1
1767,1
1768,1
1769,1
1770,1
1771,1
1772,1
1773,1
1774,1
1775,1
1776,1
1777,1
1778,1
1779,1
1780,1
1781,1
1782,1
1783,1
1784,1
1785,1
1786,1
1787,1
1788,1
1789,1
1790,1
1791,1
1792,1
1793,1
1794,1
1795,1
1796,1
1797,1
1798,1
1799,1
1800,1
1801,1
1802,1
1803,1
1804,8
1805,1
1806,1
1807,1
1808,1
1809,1
1810,1
1811,1
1812,1
1813,1
1814,1
1815,1
1816,1
1817,1
1818,1
1819,1
1820,1
1821,1
1822,1
1823,1
1824,1
1825,1
1826,1
1827,1
1828,1
1829,1
1830,1
1831,1
1832,1
1833,1
1834,1
1835,1
1836,1
1837,1
1838,1
1839,1
1840,1
1841,1
1842,1
1843,1
1844,1
1845,1
1846,1
1847,1
1848,1
1849,1
1850,1
1851,1
1852,1
1853,1
1854,1
1855,1
1856,1
1857,1
1858,1
1859,1
1860,1
1861,1
1862,1
1863,1
1864,1
1865,1
1866,1
1867,8
1868,1
1869,1
1870,1
1871,1
1872,1
1873,1
1874,1
1875,1
1876,1
1877,1
1878,1
1879,1
1880,1
1881,1
1882,1
1883,1
1884,1
1885,1
1886,1
1887,1
1888,1
1889,1
1890,1
1891,1
1892,1
1893,1
1894,1
1895,1
1896,1
1897,1
1898,1
1899,1
1900,1
1901,1
1902,1
1903,1
1904,1
1905,1
1906,1
1907,1
1908,1
1909,1
1910,1
1911,1
1912,1
1913,1
1914,1
1915,1
1916,1
1917,1
1918,1
1919,1
1920,1
1921,1
1922,1
1923,1
1924,1
1925,1
1926,1
1927,1
1928,1
1929,1
1930,1
1931,1
1932,1
1933,1
1934,1
1935,1
1936,1
1937,1
1938,1
1939,1
1940,1
1941,1
1942,1
1943,1
1944,1
1945,1
1946,1
1947,1
1948,1
1949,1
1950,1
1951,1
1952,1
1953,1
1954,1
1955,1
1956,1
1957,1
1958,1
1959,1
1960,1
1961,1
1962,1
1963,1
1964,1
1965,1
1966,1
1967,1
1968,1
1969,1
1970,1
1971,1
1972,1
1973,1
1974,1
1975,1
1976,1
1977,1
1978,1
1979,1
1980,1
1981,1
1982,1
1983,1
1984,1
1985,1
1986,1
1987,1
1988,1
1989,1
1990,1
1991,1
1992,1
1993,1
1994,1
1995,1
1996,1
1997,1
1998,1
1999,1
2000,8
2001,1
2002,1
2003,1
2004,1
2005,1
2006,1
2007,8
2008,1
2009,1
2010,1
2011,8
2012,1
2013,1
2014,1
2015,1
2016,1
2017,1
2018,1
2019,1
2020,1
2021,1
2022,1
2023,1
2024,1
2025,1
2026,1
2027,1
2028,1
2029,1
2030,1
2031,1
2032,1
2033,1
2034,1
2035,1
2036,1
2037,1
2038,1
2039,1
2040,1
2041,1
2042,1
2043,1
2044,1
2045,1
2046,1
2047,1
2048,1
2049,1
2050,1
2051,1
2052,1
2053,1
2054,1
2055,1
2056,1
2057,1
2058,1
2059,1
2060,1
2061,1
2062,1
2063,1
2064,1
2065,1
2066,1
2067,1
2068,8
2069,1
2070,1
2071,7
2072,1
2073,1
2074,1
2075,1
2076,1
2077,1
2078,1
2079,1
2080,1
2081,1
2082,1
2083,1
2084,1
2085,1
2086,1
2087,1
2088,1
2089,1
2090,1
2091,1
2092,1
2093,1
2094,1
2095,1
2096,1
2097,1
2098,1
2099,1
2100,1
2101,1
2102,1
2103,1
2104,1
2105,1
2106,1
2107,1
2108,1
2109,1
2110,1
2111,1
2112,1
2113,1
2114,1
2115,1
2116,2
2117,2
2118,3
2119,2
2120,2
2121,2
2122,2
2123,2
2124,2
2125,8
2126,2
2127,9
2128,3
2129,2
2130,2
2131,2
2132,2
2133,2
2134,2
2135,2
2136,2
2137,2
2138,2
2139,2
2140,2
2141,2
2142,2
2143,6
2144,2
2145,2
2146,2
2147,2
2148,2
2149,2
2150,3
2151,7
2152,2
2153,2
2154,7
2155,2
2156,2
2157,2
2158,2
2159,2
2160,2
2161,8
2162,2
2163,0
2164,2
2165,8
2166,2
2167,2
2168,2
2169,2
2170,2
2171,2
2172,2
2173,2
2174,6
2175,2
2176,2
2177,8
2178,2
2179,2
2180,2
2181,2
2182,7
2183,8
2184,2
2185,2
2186,2
2187,2
2188,2
2189,2
2190,1
2191,8
2192,2
2193,2
2194,8
2195,2
2196,8
2197,8
2198,2
2199,2
2200,2
2201,2
2202,2
2203,2
2204,2
2205,8
2206,2
2207,2
2208,2
2209,2
2210,2
2211,2
2212,2
2213,2
2214,2
2215,2
2216,2
2217,2
2218,1
2219,2
2220,2
2221,2
2222,8
2223,8
2224,2
2225,2
2226,3
2227,2
2228,2
2229,2
2230,2
2231,2
2232,2
2233,2
2234,9
2235,2
2236,2
2237,3
2238,2
2239,2
2240,2
2241,2
2242,2
2243,2
2244,2
2245,2
2246,2
2247,2
2248,2
2249,2
2250,2
2251,2
2252,2
2253,2
2254,2
2255,2
2256,2
2257,8
2258,2
2259,2
2260,2
2261,2
2262,2
2263,6
2264,2
2265,2
2266,2
2267,2
2268,2
2269,2
2270,2
2271,2
2272,2
2273,8
2274,2
2275,2
2276,7
2277,2
2278,1
2279,2
2280,1
2281,2
2282,2
2283,3
2284,2
2285,2
2286,2
2287,2
2288,2
2289,8
2290,2
2291,2
2292,2
2293,2
2294,2
2295,2
2296,2
2297,6
2298,2
2299,2
2300,8
2301,2
2302,2
2303,2
2304,2
2305,2
2306,2
2307,1
2308,8
2309,4
2310,2
2311,2
2312,7
2313,2
2314,2
2315,2
2316,2
2317,2
2318,8
2319,2
2320,2
2321,2
2322,2
2323,2
2324,2
2325,2
2326,2
2327,2
2328,2
2329,2
2330,2
2331,2
2332,2
2333,2
2334,2
2335,8
2336,2
2337,2
2338,2
2339,2
2340,2
2341,0
2342,2
2343,2
2344,2
2345,2
2346,2
2347,2
2348,2
2349,8
2350,2
2351,2
2352,2
2353,2
2354,3
2355,2
2356,2
2357,6
2358,8
2359,2
2360,2
2361,2
2362,2
2363,2
2364,2
2365,8
2366,2
2367,2
2368,2
2369,2
2370,2
2371,2
2372,2
2373,2
2374,2
2375,8
2376,2
2377,2
2378,2
2379,2
2380,1
2381,2
2382,2
2383,2
2384,2
2385,0
2386,8
2387,2
2388,6
2389,2
2390,2
2391,2
2392,2
2393,2
2394,2
2395,2
2396,2
2397,2
2398,8
2399,2
2400,2
2401,7
2402,2
2403,2
2404,2
2405,2
2406,2
2407,2
2408,2
2409,2
2410,2
2411,2
2412,3
2413,2
2414,2
2415,2
2416,8
2417,2
2418,2
2419,2
2420,2
2421,2
2422,2
2423,2
2424,2
2425,2
2426,2
2427,2
2428,2
2429,2
2430,7
2431,2
2432,2
2433,2
2434,2
2435,2
2436,2
2437,2
2438,2
2439,2
2440,3
2441,2
2442,2
2443,2
2444,2
2445,8
2446,2
2447,2
2448,2
2449,2
2450,1
2451,2
2452,2
2453,2
2454,2
2455,2
2456,2
2457,2
2458,2
2459,2
2460,2
2461,2
2462,2
2463,2
2464,2
2465,2
2466,2
2467,3
2468,2
2469,2
2470,2
2471,2
2472,2
2473,2
2474,2
2475,2
2476,2
2477,1
2478,2
2479,2
2480,2
2481,2
2482,3
2483,7
2484,2
2485,8
2486,2
2487,2
2488,2
2489,8
2490,2
2491,3
2492,1
2493,2
2494,2
2495,2
2496,2
2497,2
2498,2
2499,2
2500,3
2501,2
2502,2
2503,2
2504,2
2505,2
2506,2
2507,2
2508,2
2509,2
2510,7
2511,8
2512,2
2513,0
2514,4
2515,2
2516,2
2517,2
2518,2
2519,2
2520,0
2521,2
2522,2
2523,2
2524,2
2525,2
2526,2
2527,2
2528,2
2529,2
2530,8
2531,2
2532,2
2533,1
2534,2
2535,2
2536,2
2537,2
2538,2
2539,2
2540,2
2541,2
2542,2
2543,2
2544,2
2545,2
2546,2
2547,2
2548,2
2549,2
2550,6
2551,4
2552,8
2553,2
2554,2
2555,2
2556,6
2557,2
2558,2
2559,9
2560,2
2561,2
2562,2
2563,2
2564,2
2565,7
2566,2
2567,6
2568,2
2569,2
2570,2
2571,2
2572,8
2573,2
2574,2
2575,2
2576,2
2577,2
2578,2
2579,2
2580,0
2581,2
2582,8
2583,2
2584,2
2585,8
2586,2
2587,2
2588,2
2589,2
2590,5
2591,2
2592,2
2593,2
2594,2
2595,2
2596,2
2597,2
2598,2
2599,2
2600,2
2601,2
2602,4
2603,2
2604,2
2605,2
2606,2
2607,2
2608,2
2609,2
2610,2
2611,2
2612,2
2613,2
2614,2
2615,2
2616,2
2617,2
2618,2
2619,2
2620,2
2621,1
2622,2
2623,8
2624,2
2625,6
2626,2
2627,2
2628,2
2629,2
2630,2
2631,3
2632,2
2633,8
2634,2
2635,3
2636,8
2637,8
2638,2
2639,2
2640,2
2641,2
2642,3
2643,2
2644,3
2645,8
2646,2
2647,2
2648,2
2649,2
2650,2
2651,2
2652,2
2653,2
2654,2
2655,2
2656,2
2657,2
2658,2
2659,2
2660,2
2661,2
2662,2
2663,2
2664,2
2665,2
2666,8
2667,2
2668,2
2669,2
2670,2
2671,2
2672,2
2673,2
2674,2
2675,2
2676,2
2677,2
2678,2
2679,2
2680,2
2681,4
2682,2
2683,2
2684,2
2685,2
2686,2
2687,2
2688,2
2689,2
2690,2
2691,2
2692,2
2693,2
2694,2
2695,2
2696,2
2697,2
2698,2
2699,3
2700,8
2701,2
2702,2
2703,2
2704,2
2705,2
2706,8
2707,2
2708,2
2709,2
2710,2
2711,2
2712,2
2713,2
2714,2
2715,2
2716,2
2717,2
2718,2
2719,2
2720,2
2721,2
2722,2
2723,2
2724,2
2725,2
2726,2
2727,2
2728,2
2729,2
2730,2
2731,2
2732,2
2733,2
2734,2
2735,2
2736,2
2737,2
2738,2
2739,2
2740,2
2741,2
2742,2
2743,6
2744,5
2745,2
2746,2
2747,2
2748,2
2749,2
2750,2
2751,2
2752,2
2753,2
2754,2
2755,6
2756,2
2757,2
2758,2
2759,2
2760,2
2761,2
2762,2
2763,2
2764,2
2765,2
2766,2
2767,2
2768,2
2769,2
2770,2
2771,2
2772,2
2773,2
2774,2
2775,2
2776,2
2777,2
2778,2
2779,2
2780,2
2781,2
2782,2
2783,2
2784,6
2785,2
2786,2
2787,2
2788,2
2789,2
2790,0
2791,2
2792,2
2793,2
2794,6
2795,2
2796,2
2797,2
2798,2
2799,2
2800,2
2801,2
2802,2
2803,2
2804,2
2805,2
2806,6
2807,2
2808,2
2809,2
2810,2
2811,2
2812,2
2813,2
2814,2
2815,2
2816,2
2817,2
2818,2
2819,6
2820,2
2821,8
2822,2
2823,2
2824,4
2825,6
2826,2
2827,2
2828,2
2829,2
2830,2
2831,8
2832,6
2833,2
2834,2
2835,2
2836,2
2837,2
2838,2
2839,2
2840,2
2841,2
2842,2
2843,2
2844,2
2845,2
2846,2
2847,2
2848,2
2849,2
2850,2
2851,2
2852,2
2853,2
2854,2
2855,5
2856,2
2857,2
2858,2
2859,2
2860,2
2861,2
2862,2
2863,2
2864,2
2865,2
2866,2
2867,2
2868,2
2869,2
2870,2
2871,2
2872,2
2873,2
2874,2
2875,2
2876,2
2877,2
2878,2
2879,2
2880,2
2881,2
2882,2
2883,2
2884,2
2885,2
2886,2
2887,2
2888,2
2889,2
2890,2
2891,2
2892,2
2893,9
2894,2
2895,2
2896,2
2897,2
2898,7
2899,2
2900,2
2901,2
2902,2
2903,8
2904,2
2905,2
2906,2
2907,2
2908,2
2909,2
2910,2
2911,2
2912,2
2913,3
2914,3
2915,2
2916,2
2917,2
2918,2
2919,2
2920,2
2921,2
2922,2
2923,2
2924,2
2925,2
2926,2
2927,2
2928,2
2929,2
2930,2
2931,2
2932,2
2933,2
2934,2
2935,9
2936,2
2937,9
2938,2
2939,2
2940,4
2941,2
2942,2
2943,2
2944,2
2945,2
2946,2
2947,2
2948,2
2949,2
2950,2
2951,6
2952,2
2953,2
2954,8
2955,1
2956,2
2957,1
2958,2
2959,8
2960,1
2961,2
2962,2
2963,9
2964,2
2965,2
2966,2
2967,2
2968,4
2969,2
2970,2
2971,4
2972,2
2973,2
2974,2
2975,2
2976,2
2977,2
2978,2
2979,2
2980,2
2981,2
2982,3
2983,2
2984,2
2985,2
2986,9
2987,4
2988,2
2989,2
2990,2
2991,2
2992,2
2993,2
2994,2
2995,2
2996,2
2997,2
2998,2
2999,2
3000,2
3001,2
3002,2
3003,2
3004,2
3005,2
3006,2
3007,2
3008,2
3009,2
3010,2
3011,2
3012,2
3013,2
3014,2
3015,2
3016,2
3017,2
3018,2
3019,2
3020,2
3021,2
3022,2
3023,2
3024,2
3025,2
3026,2
3027,2
3028,2
3029,2
3030,2
3031,2
3032,2
3033,2
3034,2
3035,2
3036,2
3037,2
3038,2
3039,2
3040,2
3041,2
3042,2
3043,2
3044,2
3045,2
3046,2
3047,2
3048,2
3049,2
3050,8
3051,2
3052,2
3053,3
3054,2
3055,2
3056,2
3057,2
3058,2
3059,2
3060,2
3061,2
3062,2
3063,2
3064,2
3065,2
3066,2
3067,2
3068,1
3069,2
3070,2
3071,2
3072,2
3073,2
3074,2
3075,2
3076,2
3077,2
3078,2
3079,2
3080,2
3081,2
3082,2
3083,6
3084,2
3085,2
3086,2
3087,2
3088,2
3089,2
3090,2
3091,2
3092,4
3093,7
3094,2
3095,2
3096,4
3097,2
3098,2
3099,2
3100,2
3101,2
3102,2
3103,2
3104,2
3105,2
3106,2
3107,2
3108,2
3109,2
3110,2
3111,2
3112,2
3113,2
3114,7
3115,2
3116,2
3117,1
3118,2
3119,2
3120,0
3121,2
3122,0
3123,3
3124,8
3125,0
3126,2
3127,2
3128,8
3129,2
3130,2
3131,8
3132,2
3133,8
3134,8
3135,8
3136,8
3137,2
3138,8
3139,2
3140,2
3141,2
3142,2
3143,0
3144,2
3145,2
3146,2
3147,2
3148,3
3149,3
3150,3
3151,3
3152,3
3153,2
3154,3
3155,3
3156,3
3157,3
3158,3
3159,3
3160,3
3161,3
3162,0
3163,3
3164,3
3165,3
3166,3
3167,3
3168,3
3169,3
3170,3
3171,3
3172,3
3173,3
3174,3
3175,3
3176,3
3177,3
3178,3
3179,3
3180,3
3181,7
3182,3
3183,3
3184,3
3185,3
3186,3
3187,3
3188,5
3189,3
3190,3
3191,7
3192,3
3193,3
3194,3
3195,5
3196,8
3197,3
3198,3
3199,3
3200,6
3201,3
3202,5
3203,3
3204,3
3205,3
3206,3
3207,8
3208,3
3209,5
3210,3
3211,9
3212,3
3213,3
3214,3
3215,3
3216,3
3217,3
3218,3
3219,3
3220,3
3221,3
3222,3
3223,3
3224,3
3225,3
3226,3
3227,3
3228,2
3229,3
3230,3
3231,3
3232,3
3233,3
3234,3
3235,3
3236,3
3237,3
3238,3
3239,3
3240,3
3241,3
3242,3
3243,3
3244,3
3245,3
3246,3
3247,3
3248,5
3249,3
3250,3
3251,3
3252,3
3253,3
3254,3
3255,3
3256,3
3257,3
3258,9
3259,3
3260,3
3261,3
3262,3
3263,3
3264,3
3265,3
3266,3
3267,8
3268,3
3269,7
3270,3
3271,3
3272,0
3273,3
3274,9
3275,3
3276,8
3277,3
3278,3
3279,3
3280,3
3281,3
3282,3
3283,5
3284,4
3285,7
3286,5
3287,8
3288,3
3289,3
3290,3
3291,3
3292,3
3293,3
3294,3
3295,3
3296,3
3297,3
3298,3
3299,3
3300,3
3301,3
3302,3
3303,3
3304,3
3305,3
3306,3
3307,3
3308,3
3309,3
3310,5
3311,3
3312,3
3313,5
3314,3
3315,3
3316,3
3317,3
3318,3
3319,3
3320,3
3321,7
3322,3
3323,3
3324,7
3325,3
3326,3
3327,3
3328,3
3329,6
3330,3
3331,3
3332,3
3333,3
3334,3
3335,3
3336,3
3337,3
3338,3
3339,5
3340,3
3341,3
3342,3
3343,3
3344,3
3345,3
3346,3
3347,3
3348,5
3349,3
3350,3
3351,3
3352,3
3353,3
3354,3
3355,3
3356,3
3357,3
3358,8
3359,3
3360,3
3361,3
3362,3
3363,3
3364,3
3365,3
3366,3
3367,3
3368,3
3369,3
3370,7
3371,3
3372,3
3373,3
3374,3
3375,3
3376,3
3377,3
3378,3
3379,3
3380,3
3381,3
3382,3
3383,3
3384,4
3385,3
3386,3
3387,3
3388,3
3389,3
3390,3
3391,3
3392,3
3393,3
3394,3
3395,5
3396,3
3397,3
3398,3
3399,7
3400,3
3401,3
3402,3
3403,3
3404,3
3405,3
3406,3
3407,5
3408,3
3409,3
3410,3
3411,2
3412,3
3413,3
3414,3
3415,3
3416,3
3417,3
3418,3
3419,3
3420,3
3421,3
3422,3
3423,3
3424,3
3425,3
3426,1
3427,7
3428,3
3429,3
3430,3
3431,3
3432,3
3433,2
3434,3
3435,3
3436,3
3437,3
3438,3
3439,3
3440,3
3441,3
3442,3
3443,8
3444,3
3445,3
3446,3
3447,3
3448,3
3449,3
3450,3
3451,2
3452,3
3453,2
3454,3
3455,3
3456,3
3457,5
3458,3
3459,3
3460,3
3461,3
3462,3
3463,3
3464,3
3465,3
3466,3
3467,3
3468,3
3469,3
3470,3
3471,3
3472,3
3473,3
3474,3
3475,3
3476,8
3477,3
3478,2
3479,2
3480,3
3481,3
3482,3
3483,3
3484,3
3485,3
3486,2
3487,3
3488,3
3489,3
3490,3
3491,3
3492,3
3493,3
3494,3
3495,3
3496,3
3497,3
3498,9
3499,3
3500,3
3501,3
3502,3
3503,3
3504,5
3505,3
3506,3
3507,3
3508,3
3509,3
3510,3
3511,3
3512,3
3513,3
3514,3
3515,3
3516,3
3517,3
3518,3
3519,2
3520,3
3521,3
3522,3
3523,3
3524,3
3525,3
3526,3
3527,3
3528,3
3529,3
3530,3
3531,3
3532,3
3533,3
3534,3
3535,3
3536,5
3537,2
3538,3
3539,3
3540,3
3541,3
3542,2
3543,3
3544,3
3545,3
3546,3
3547,3
3548,3
3549,3
3550,3
3551,2
3552,3
3553,3
3554,3
3555,5
3556,3
3557,3
3558,9
3559,3
3560,5
3561,3
3562,3
3563,3
3564,3
3565,3
3566,3
3567,3
3568,3
3569,3
3570,3
3571,3
3572,3
3573,3
3574,3
3575,2
3576,3
3577,3
3578,3
3579,3
3580,7
3581,3
3582,7
3583,3
3584,1
3585,3
3586,3
3587,3
3588,3
3589,3
3590,3
3591,7
3592,3
3593,3
3594,3
3595,3
3596,3
3597,3
3598,3
3599,3
3600,3
3601,3
3602,3
3603,3
3604,3
3605,3
3606,3
3607,3
3608,3
3609,3
3610,3
3611,3
3612,3
3613,3
3614,3
3615,3
3616,8
3617,3
3618,3
3619,3
3620,3
3621,3
3622,5
3623,3
3624,3
3625,3
3626,3
3627,8
3628,3
3629,3
3630,3
3631,3
3632,2
3633,3
3634,3
3635,3
3636,3
3637,3
3638,3
3639,3
3640,3
3641,3
3642,3
3643,3
3644,3
3645,3
3646,8
3647,3
3648,3
3649,3
3650,3
3651,2
3652,2
3653,3
3654,3
3655,2
3656,5
3657,8
3658,2
3659,6
3660,5
3661,3
3662,3
3663,3
3664,3
3665,3
3666,3
3667,3
3668,3
3669,3
3670,3
3671,3
3672,3
3673,3
3674,3
3675,5
3676,3
3677,3
3678,3
3679,3
3680,3
3681,3
3682,3
3683,3
3684,3
3685,3
3686,3
3687,3
3688,3
3689,3
3690,3
3691,3
3692,3
3693,3
3694,3
3695,3
3696,3
3697,3
3698,3
3699,3
3700,3
3701,3
3702,3
3703,3
3704,3
3705,3
3706,3
3707,0
3708,3
3709,3
3710,5
3711,3
3712,3
3713,3
3714,3
3715,3
3716,3
3717,3
3718,7
3719,3
3720,3
3721,3
3722,3
3723,3
3724,3
3725,3
3726,3
3727,7
3728,3
3729,3
3730,3
3731,3
3732,3
3733,3
3734,3
3735,3
3736,3
3737,3
3738,3
3739,3
3740,8
3741,8
3742,9
3743,3
3744,2
3745,3
3746,5
3747,3
3748,5
3749,3
3750,8
3751,3
3752,8
3753,3
3754,3
3755,3
3756,3
3757,3
3758,8
3759,3
3760,3
3761,3
3762,3
3763,3
3764,3
3765,3
3766,3
3767,3
3768,3
3769,3
3770,3
3771,3
3772,3
3773,3
3774,3
3775,3
3776,3
3777,3
3778,3
3779,3
3780,3
3781,3
3782,3
3783,3
3784,3
3785,3
3786,3
3787,3
3788,2
3789,8
3790,3
3791,3
3792,3
3793,6
3794,3
3795,3
3796,0
3797,3
3798,3
3799,3
3800,0
3801,3
3802,3
3803,3
3804,3
3805,7
3806,9
3807,3
3808,3
3809,3
3810,3
3811,0
3812,3
3813,3
3814,7
3815,3
3816,3
3817,3
3818,3
3819,3
3820,3
3821,3
3822,3
3823,3
3824,3
3825,3
3826,3
3827,3
3828,3
3829,3
3830,3
3831,3
3832,3
3833,3
3834,3
3835,3
3836,3
3837,3
3838,3
3839,3
3840,3
3841,3
3842,3
3843,3
3844,3
3845,3
3846,3
3847,3
3848,3
3849,3
3850,3
3851,3
3852,3
3853,3
3854,3
3855,3
3856,3
3857,3
3858,3
3859,3
3860,3
3861,3
3862,3
3863,7
3864,3
3865,3
3866,3
3867,3
3868,3
3869,3
3870,3
3871,3
3872,3
3873,3
3874,3
3875,8
3876,2
3877,3
3878,3
3879,3
3880,3
3881,3
3882,3
3883,3
3884,3
3885,3
3886,3
3887,3
3888,3
3889,3
3890,3
3891,3
3892,3
3893,3
3894,3
3895,3
3896,3
3897,3
3898,3
3899,3
3900,0
3901,3
3902,3
3903,3
3904,3
3905,3
3906,3
3907,3
3908,3
3909,3
3910,3
3911,3
3912,3
3913,3
3914,5
3915,3
3916,3
3917,3
3918,3
3919,3
3920,3
3921,3
3922,3
3923,3
3924,3
3925,3
3926,3
3927,3
3928,3
3929,3
3930,3
3931,2
3932,3
3933,2
3934,3
3935,3
3936,3
3937,2
3938,2
3939,3
3940,3
3941,2
3942,3
3943,3
3944,8
3945,3
3946,3
3947,3
3948,3
3949,3
3950,3
3951,8
3952,0
3953,3
3954,3
3955,3
3956,3
3957,3
3958,3
3959,3
3960,3
3961,3
3962,3
3963,3
3964,3
3965,3
3966,3
3967,3
3968,3
3969,3
3970,3
3971,3
3972,3
3973,3
3974,5
3975,3
3976,3
3977,3
3978,5
3979,5
3980,3
3981,9
3982,8
3983,3
3984,3
3985,3
3986,3
3987,3
3988,3
3989,3
3990,3
3991,3
3992,3
3993,3
3994,3
3995,3
3996,3
3997,3
3998,3
3999,3
4000,3
4001,3
4002,3
4003,3
4004,3
4005,3
4006,0
4007,3
4008,3
4009,3
4010,3
4011,3
4012,3
4013,3
4014,3
4015,3
4016,3
4017,3
4018,3
4019,3
4020,3
4021,3
4022,3
4023,3
4024,3
4025,3
4026,3
4027,3
4028,3
4029,3
4030,3
4031,3
4032,3
4033,3
4034,3
4035,3
4036,3
4037,3
4038,3
4039,3
4040,3
4041,3
4042,0
4043,3
4044,3
4045,3
4046,3
4047,3
4048,3
4049,3
4050,3
4051,3
4052,3
4053,3
4054,3
4055,3
4056,8
4057,3
4058,5
4059,3
4060,3
4061,3
4062,3
4063,6
4064,3
4065,3
4066,3
4067,3
4068,3
4069,3
4070,3
4071,3
4072,3
4073,3
4074,8
4075,3
4076,3
4077,3
4078,3
4079,3
4080,3
4081,3
4082,3
4083,3
4084,3
4085,3
4086,3
4087,3
4088,3
4089,3
4090,3
4091,3
4092,3
4093,3
4094,3
4095,3
4096,3
4097,3
4098,3
4099,3
4100,3
4101,3
4102,3
4103,3
4104,3
4105,3
4106,3
4107,3
4108,3
4109,3
4110,3
4111,3
4112,3
4113,3
4114,3
4115,3
4116,3
4117,3
4118,3
4119,8
4120,3
4121,3
4122,2
4123,2
4124,2
4125,8
4126,3
4127,5
4128,3
4129,3
4130,3
4131,3
4132,3
4133,0
4134,3
4135,3
4136,3
4137,3
4138,3
4139,3
4140,3
4141,3
4142,3
4143,3
4144,3
4145,3
4146,3
4147,3
4148,7
4149,3
4150,2
4151,3
4152,5
4153,8
4154,3
4155,2
4156,8
4157,3
4158,4
4159,4
4160,4
4161,4
4162,4
4163,4
4164,4
4165,4
4166,4
4167,4
4168,4
4169,4
4170,4
4171,4
4172,4
4173,4
4174,4
4175,4
4176,4
4177,8
4178,4
4179,4
4180,4
4181,4
4182,4
4183,4
4184,4
4185,4
4186,4
4187,4
4188,4
4189,6
4190,4
4191,4
4192,4
4193,4
4194,4
4195,6
4196,8
4197,4
4198,9
4199,4
4200,9
4201,4
4202,4
4203,4
4204,4
4205,4
4206,4
4207,4
4208,4
4209,4
4210,4
4211,4
4212,4
4213,8
4214,4
4215,9
4216,4
4217,4
4218,4
4219,4
4220,4
4221,4
4222,9
4223,9
4224,4
4225,6
4226,4
4227,4
4228,4
4229,4
4230,4
4231,4
4232,9
4233,4
4234,4
4235,4
4236,4
4237,4
4238,9
4239,9
4240,4
4241,4
4242,9
4243,4
4244,4
4245,4
4246,4
4247,4
4248,4
4249,4
4250,4
4251,4
4252,8
4253,4
4254,4
4255,4
4256,3
4257,4
4258,4
4259,4
4260,4
4261,4
4262,4
4263,4
4264,5
4265,4
4266,5
4267,4
4268,4
4269,4
4270,4
4271,4
4272,4
4273,4
4274,4
4275,4
4276,4
4277,4
4278,4
4279,4
4280,4
4281,6
4282,4
4283,4
4284,4
4285,4
4286,7
4287,9
4288,4
4289,4
4290,4
4291,4
4292,4
4293,4
4294,4
4295,4
4296,9
4297,6
4298,4
4299,4
4300,4
4301,4
4302,4
4303,4
4304,4
4305,4
4306,4
4307,4
4308,4
4309,4
4310,4
4311,4
4312,4
4313,4
4314,4
4315,4
4316,4
4317,4
4318,4
4319,4
4320,8
4321,9
4322,4
4323,1
4324,4
4325,4
4326,4
4327,4
4328,4
4329,4
4330,4
4331,4
4332,4
4333,4
4334,4
4335,4
4336,4
4337,4
4338,4
4339,4
4340,4
4341,8
4342,4
4343,4
4344,4
4345,4
4346,4
4347,4
4348,4
4349,4
4350,4
4351,4
4352,4
4353,2
4354,4
4355,4
4356,4
4357,4
4358,4
4359,4
4360,4
4361,4
4362,9
4363,4
4364,4
4365,4
4366,4
4367,6
4368,9
4369,4
4370,4
4371,4
4372,4
4373,4
4374,4
4375,4
4376,4
4377,4
4378,4
4379,8
4380,4
4381,9
4382,4
4383,4
4384,4
4385,4
4386,4
4387,4
4388,4
4389,9
4390,4
4391,4
4392,4
4393,4
4394,4
4395,6
4396,4
4397,4
4398,4
4399,4
4400,4
4401,4
4402,4
4403,4
4404,4
4405,4
4406,4
4407,4
4408,4
4409,4
4410,4
4411,4
4412,4
4413,4
4414,4
4415,4
4416,4
4417,9
4418,4
4419,4
4420,4
4421,4
4422,4
4423,4
4424,2
4425,4
4426,4
4427,4
4428,4
4429,4
4430,4
4431,4
4432,4
4433,4
4434,4
4435,4
4436,4
4437,4
4438,4
4439,4
4440,4
4441,4
4442,4
4443,4
4444,4
4445,4
4446,4
4447,4
4448,4
4449,9
4450,4
4451,9
4452,4
4453,4
4454,4
4455,4
4456,4
4457,4
4458,4
4459,4
4460,4
4461,4
4462,4
4463,4
4464,4
4465,4
4466,4
4467,4
4468,4
4469,4
4470,9
4471,4
4472,4
4473,4
4474,4
4475,4
4476,4
4477,4
4478,4
4479,9
4480,4
4481,9
4482,2
4483,4
4484,4
4485,4
4486,6
4487,9
4488,9
4489,4
4490,4
4491,4
4492,4
4493,4
4494,4
4495,4
4496,4
4497,4
4498,4
4499,4
4500,4
4501,4
4502,4
4503,4
4504,4
4505,4
4506,9
4507,4
4508,4
4509,4
4510,4
4511,4
4512,4
4513,4
4514,6
4515,4
4516,4
4517,9
4518,4
4519,4
4520,4
4521,3
4522,4
4523,4
4524,4
4525,9
4526,4
4527,4
4528,4
4529,4
4530,8
4531,4
4532,9
4533,4
4534,4
4535,4
4536,4
4537,4
4538,4
4539,4
4540,4
4541,4
4542,4
4543,4
4544,4
4545,4
4546,4
4547,4
4548,4
4549,4
4550,4
4551,4
4552,5
4553,4
4554,9
4555,4
4556,9
4557,4
4558,4
4559,4
4560,4
4561,6
4562,4
4563,4
4564,4
4565,4
4566,4
4567,4
4568,4
4569,4
4570,4
4571,6
4572,4
4573,4
4574,4
4575,4
4576,4
4577,4
4578,4
4579,4
4580,4
4581,4
4582,4
4583,4
4584,8
4585,4
4586,4
4587,4
4588,4
4589,4
4590,4
4591,4
4592,4
4593,4
4594,4
4595,4
4596,4
4597,6
4598,4
4599,9
4600,4
4601,4
4602,4
4603,4
4604,4
4605,4
4606,4
4607,4
4608,4
4609,4
4610,4
4611,4
4612,4
4613,4
4614,4
4615,4
4616,9
4617,4
4618,4
4619,4
4620,4
4621,6
4622,9
4623,2
4624,4
4625,4
4626,4
4627,4
4628,4
4629,4
4630,4
4631,9
4632,4
4633,4
4634,6
4635,4
4636,4
4637,4
4638,4
4639,4
4640,4
4641,4
4642,4
4643,4
4644,4
4645,4
4646,9
4647,4
4648,4
4649,4
4650,4
4651,4
4652,4
4653,4
4654,4
4655,4
4656,4
4657,4
4658,4
4659,4
4660,4
4661,4
4662,4
4663,4
4664,4
4665,4
4666,1
4667,4
4668,4
4669,4
4670,4
4671,4
4672,4
4673,4
4674,4
4675,4
4676,4
4677,4
4678,4
4679,4
4680,4
4681,4
4682,4
4683,0
4684,4
4685,4
4686,4
4687,4
4688,4
4689,4
4690,4
4691,4
4692,4
4693,4
4694,4
4695,4
4696,4
4697,4
4698,4
4699,4
4700,4
4701,6
4702,4
4703,4
4704,4
4705,4
4706,4
4707,4
4708,4
4709,4
4710,4
4711,4
4712,4
4713,4
4714,4
4715,4
4716,4
4717,4
4718,4
4719,9
4720,4
4721,4
4722,9
4723,4
4724,4
4725,4
4726,3
4727,4
4728,4
4729,4
4730,4
4731,4
4732,4
4733,4
4734,4
4735,4
4736,4
4737,4
4738,4
4739,4
4740,4
4741,4
4742,4
4743,4
4744,4
4745,0
4746,4
4747,4
4748,9
4749,4
4750,9
4751,4
4752,4
4753,4
4754,4
4755,4
4756,9
4757,4
4758,4
4759,4
4760,4
4761,9
4762,4
4763,4
4764,4
4765,4
4766,4
4767,4
4768,4
4769,4
4770,4
4771,4
4772,4
4773,4
4774,4
4775,4
4776,4
4777,4
4778,4
4779,4
4780,4
4781,4
4782,4
4783,4
4784,4
4785,4
4786,4
4787,4
4788,4
4789,4
4790,4
4791,4
4792,4
4793,4
4794,4
4795,4
4796,4
4797,4
4798,4
4799,4
4800,4
4801,4
4802,4
4803,4
4804,4
4805,4
4806,4
4807,4
4808,4
4809,4
4810,4
4811,4
4812,4
4813,4
4814,4
4815,4
4816,4
4817,4
4818,4
4819,4
4820,4
4821,4
4822,4
4823,4
4824,4
4825,4
4826,4
4827,4
4828,4
4829,4
4830,4
4831,4
4832,4
4833,4
4834,8
4835,4
4836,4
4837,4
4838,4
4839,4
4840,4
4841,4
4842,4
4843,4
4844,4
4845,4
4846,4
4847,4
4848,4
4849,4
4850,4
4851,4
4852,4
4853,4
4854,4
4855,4
4856,4
4857,4
4858,4
4859,4
4860,4
4861,4
4862,4
4863,4
4864,4
4865,4
4866,4
4867,4
4868,4
4869,4
4870,4
4871,4
4872,4
4873,4
4874,4
4875,4
4876,4
4877,4
4878,4
4879,4
4880,4
4881,4
4882,4
4883,4
4884,4
4885,4
4886,4
4887,4
4888,9
4889,4
4890,4
4891,4
4892,4
4893,4
4894,4
4895,4
4896,4
4897,4
4898,4
4899,4
4900,4
4901,4
4902,8
4903,4
4904,4
4905,4
4906,4
4907,4
4908,4
4909,4
4910,4
4911,4
4912,4
4913,4
4914,4
4915,4
4916,4
4917,4
4918,4
4919,4
4920,4
4921,4
4922,4
4923,4
4924,4
4925,4
4926,4
4927,4
4928,4
4929,4
4930,4
4931,4
4932,4
4933,4
4934,4
4935,4
4936,4
4937,4
4938,4
4939,4
4940,4
4941,4
4942,4
4943,4
4944,4
4945,4
4946,4
4947,4
4948,4
4949,4
4950,4
4951,4
4952,9
4953,9
4954,6
4955,4
4956,9
4957,4
4958,4
4959,4
4960,4
4961,4
4962,4
4963,4
4964,4
4965,4
4966,4
4967,4
4968,4
4969,4
4970,4
4971,4
4972,4
4973,4
4974,4
4975,4
4976,4
4977,4
4978,4
4979,4
4980,4
4981,4
4982,4
4983,4
4984,4
4985,4
4986,4
4987,4
4988,4
4989,4
4990,4
4991,4
4992,4
4993,4
4994,4
4995,4
4996,4
4997,4
4998,4
4999,4
5000,9
5001,4
5002,4
5003,4
5004,4
5005,4
5006,4
5007,4
5008,4
5009,4
5010,4
5011,4
5012,4
5013,4
5014,4
5015,4
5016,4
5017,4
5018,4
5019,4
5020,4
5021,4
5022,4
5023,4
5024,4
5025,4
5026,4
5027,4
5028,4
5029,4
5030,4
5031,4
5032,4
5033,4
5034,4
5035,4
5036,4
5037,4
5038,4
5039,4
5040,4
5041,4
5042,4
5043,4
5044,4
5045,4
5046,4
5047,4
5048,4
5049,4
5050,4
5051,4
5052,4
5053,4
5054,4
5055,4
5056,4
5057,4
5058,4
5059,4
5060,4
5061,6
5062,4
5063,4
5064,4
5065,4
5066,4
5067,9
5068,4
5069,4
5070,4
5071,4
5072,4
5073,4
5074,4
5075,4
5076,4
5077,4
5078,4
5079,4
5080,4
5081,4
5082,4
5083,4
5084,4
5085,4
5086,4
5087,4
5088,4
5089,4
5090,4
5091,4
5092,4
5093,4
5094,4
5095,9
5096,4
5097,4
5098,4
5099,4
5100,4
5101,4
5102,4
5103,4
5104,4
5105,4
5106,4
5107,4
5108,4
5109,4
5110,4
5111,4
5112,1
5113,4
5114,2
5115,4
5116,4
5117,4
5118,4
5119,9
5120,4
5121,4
5122,4
5123,8
5124,4
5125,4
5126,4
5127,5
5128,4
5129,4
5130,4
5131,4
5132,4
5133,4
5134,4
5135,4
5136,4
5137,4
5138,4
5139,4
5140,6
5141,3
5142,5
5143,5
5144,5
5145,5
5146,5
5147,5
5148,5
5149,5
5150,5
5151,5
5152,5
5153,5
5154,5
5155,5
5156,5
5157,5
5158,5
5159,5
5160,5
5161,5
5162,7
5163,5
5164,5
5165,5
5166,5
5167,5
5168,5
5169,5
5170,5
5171,5
5172,3
5173,5
5174,5
5175,0
5176,5
5177,5
5178,3
5179,5
5180,5
5181,5
5182,0
5183,5
5184,5
5185,9
5186,5
5187,8
5188,5
5189,5
5190,3
5191,5
5192,5
5193,5
5194,5
5195,5
5196,5
5197,5
5198,5
5199,6
5200,5
5201,3
5202,7
5203,5
5204,5
5205,5
5206,8
5207,5
5208,5
5209,5
5210,5
5211,5
5212,5
5213,9
5214,5
5215,6
5216,5
5217,3
5218,5
5219,5
5220,5
5221,5
5222,5
5223,4
5224,5
5225,5
5226,5
5227,5
5228,5
5229,8
5230,5
5231,5
5232,5
5233,8
5234,3
5235,5
5236,5
5237,5
5238,5
5239,5
5240,5
5241,5
5242,5
5243,5
5244,5
5245,5
5246,5
5247,5
5248,6
5249,6
5250,3
5251,5
5252,5
5253,5
5254,5
5255,5
5256,4
5257,7
5258,5
5259,5
5260,3
5261,5
5262,5
5263,5
5264,8
5265,3
5266,5
5267,8
5268,5
5269,6
5270,5
5271,3
5272,5
5273,5
5274,5
5275,0
5276,5
5277,5
5278,5
5279,3
5280,5
5281,5
5282,5
5283,5
5284,5
5285,3
5286,5
5287,5
5288,5
5289,5
5290,5
5291,5
5292,5
5293,5
5294,5
5295,0
5296,5
5297,3
5298,5
5299,5
5300,5
5301,5
5302,5
5303,3
5304,6
5305,9
5306,8
5307,5
5308,5
5309,5
5310,5
5311,8
5312,5
5313,0
5314,4
5315,5
5316,5
5317,3
5318,5
5319,5
5320,5
5321,5
5322,5
5323,5
5324,3
5325,5
5326,4
5327,5
5328,5
5329,5
5330,5
5331,5
5332,5
5333,3
5334,5
5335,9
5336,5
5337,5
5338,5
5339,3
5340,3
5341,5
5342,8
5343,8
5344,6
5345,5
5346,5
5347,3
5348,6
5349,8
5350,5
5351,8
5352,5
5353,9
5354,5
5355,3
5356,5
5357,5
5358,9
5359,5
5360,5
5361,5
5362,5
5363,5
5364,5
5365,5
5366,5
5367,5
5368,5
5369,8
5370,5
5371,3
5372,8
5373,1
5374,9
5375,5
5376,3
5377,5
5378,5
5379,5
5380,8
5381,3
5382,5
5383,5
5384,6
5385,8
5386,5
5387,5
5388,6
5389,5
5390,3
5391,5
5392,8
5393,5
5394,5
5395,5
5396,5
5397,5
5398,5
5399,5
5400,4
5401,3
5402,5
5403,4
5404,3
5405,5
5406,3
5407,5
5408,5
5409,5
5410,5
5411,9
5412,5
5413,0
5414,3
5415,5
5416,5
5417,5
5418,5
5419,8
5420,7
5421,5
5422,5
5423,5
5424,5
5425,5
5426,5
5427,5
5428,5
5429,8
5430,3
5431,5
5432,4
5433,9
5434,5
5435,5
5436,9
5437,7
5438,5
5439,5
5440,5
5441,5
5442,3
5443,6
5444,5
5445,5
5446,5
5447,5
5448,5
5449,7
5450,5
5451,5
5452,5
5453,3
5454,5
5455,5
5456,5
5457,4
5458,5
5459,5
5460,5
5461,0
5462,5
5463,6
5464,6
5465,5
5466,5
5467,5
5468,5
5469,5
5470,5
5471,5
5472,5
5473,5
5474,7
5475,5
5476,5
5477,5
5478,5
5479,3
5480,5
5481,5
5482,8
5483,9
5484,8
5485,2
5486,5
5487,5
5488,5
5489,5
5490,5
5491,5
5492,5
5493,0
5494,5
5495,5
5496,5
5497,5
5498,6
5499,5
5500,3
5501,5
5502,5
5503,5
5504,3
5505,9
5506,3
5507,5
5508,5
5509,5
5510,5
5511,8
5512,3
5513,3
5514,5
5515,5
5516,5
5517,5
5518,3
5519,5
5520,5
5521,5
5522,5
5523,1
5524,1
5525,5
5526,3
5527,5
5528,5
5529,9
5530,5
5531,5
5532,5
5533,0
5534,5
5535,5
5536,3
5537,9
5538,5
5539,5
5540,5
5541,5
5542,4
5543,3
5544,8
5545,8
5546,5
5547,9
5548,9
5549,5
5550,3
5551,5
5552,5
5553,5
5554,5
5555,5
5556,5
5557,3
5558,3
5559,5
5560,5
5561,5
5562,5
5563,5
5564,2
5565,5
5566,5
5567,8
5568,5
5569,5
5570,5
5571,5
5572,5
5573,5
5574,8
5575,7
5576,5
5577,5
5578,5
5579,5
5580,5
5581,5
5582,5
5583,5
5584,5
5585,5
5586,5
5587,5
5588,5
5589,5
5590,5
5591,5
5592,5
5593,5
5594,5
5595,5
5596,5
5597,5
5598,5
5599,8
5600,5
5601,5
5602,5
5603,8
5604,5
5605,5
5606,5
5607,5
5608,5
5609,5
5610,5
5611,5
5612,5
5613,5
5614,5
5615,5
5616,5
5617,5
5618,5
5619,5
5620,5
5621,5
5622,5
5623,5
5624,5
5625,5
5626,5
5627,5
5628,5
5629,5
5630,5
5631,5
5632,5
5633,5
5634,5
5635,5
5636,5
5637,5
5638,3
5639,5
5640,5
5641,5
5642,5
5643,5
5644,5
5645,5
5646,5
5647,8
5648,5
5649,5
5650,5
5651,0
5652,5
5653,3
5654,5
5655,5
5656,5
5657,5
5658,5
5659,5
5660,3
5661,5
5662,6
5663,8
5664,5
5665,3
5666,5
5667,3
5668,5
5669,5
5670,5
5671,3
5672,3
5673,3
5674,5
5675,6
5676,5
5677,3
5678,3
5679,5
5680,5
5681,5
5682,3
5683,5
5684,3
5685,5
5686,3
5687,5
5688,5
5689,5
5690,5
5691,9
5692,5
5693,5
5694,5
5695,5
5696,5
5697,5
5698,5
5699,5
5700,5
5701,5
5702,5
5703,5
5704,5
5705,5
5706,5
5707,5
5708,3
5709,5
5710,5
5711,5
5712,5
5713,5
5714,5
5715,5
5716,5
5717,5
5718,5
5719,5
5720,5
5721,5
5722,5
5723,5
5724,5
5725,5
5726,5
5727,5
5728,5
5729,5
5730,5
5731,5
5732,5
5733,5
5734,5
5735,5
5736,5
5737,5
5738,3
5739,5
5740,3
5741,3
5742,5
5743,5
5744,5
5745,5
5746,2
5747,4
5748,5
5749,4
5750,8
5751,8
5752,3
5753,6
5754,5
5755,5
5756,5
5757,5
5758,5
5759,5
5760,5
5761,5
5762,5
5763,5
5764,9
5765,5
5766,5
5767,5
5768,5
5769,5
5770,5
5771,6
5772,5
5773,5
5774,5
5775,5
5776,5
5777,5
5778,5
5779,5
5780,5
5781,5
5782,5
5783,5
5784,5
5785,5
5786,5
5787,5
5788,5
5789,6
5790,6
5791,5
5792,5
5793,5
5794,5
5795,3
5796,5
5797,5
5798,5
5799,5
5800,5
5801,3
5802,5
5803,5
5804,5
5805,3
5806,5
5807,5
5808,5
5809,3
5810,8
5811,8
5812,5
5813,5
5814,5
5815,3
5816,5
5817,4
5818,5
5819,4
5820,4
5821,5
5822,5
5823,5
5824,5
5825,5
5826,5
5827,5
5828,5
5829,3
5830,5
5831,5
5832,5
5833,8
5834,5
5835,5
5836,7
5837,5
5838,5
5839,5
5840,5
5841,5
5842,5
5843,5
5844,5
5845,8
5846,8
5847,5
5848,8
5849,4
5850,6
5851,4
5852,4
5853,4
5854,8
5855,5
5856,5
5857,5
5858,5
5859,5
5860,5
5861,5
5862,5
5863,5
5864,5
5865,5
5866,5
5867,5
5868,3
5869,5
5870,5
5871,5
5872,5
5873,5
5874,5
5875,5
5876,5
5877,5
5878,5
5879,5
5880,5
5881,5
5882,5
5883,5
5884,5
5885,5
5886,5
5887,5
5888,5
5889,5
5890,5
5891,5
5892,5
5893,5
5894,4
5895,5
5896,5
5897,3
5898,5
5899,5
5900,5
5901,5
5902,5
5903,5
5904,5
5905,5
5906,5
5907,5
5908,6
5909,5
5910,5
5911,5
5912,5
5913,5
5914,5
5915,5
5916,5
5917,5
5918,5
5919,5
5920,5
5921,5
5922,5
5923,5
5924,5
5925,5
5926,5
5927,5
5928,5
5929,5
5930,5
5931,5
5932,5
5933,5
5934,5
5935,5
5936,5
5937,5
5938,5
5939,5
5940,5
5941,5
5942,5
5943,8
5944,5
5945,8
5946,5
5947,6
5948,5
5949,5
5950,5
5951,5
5952,5
5953,5
5954,5
5955,5
5956,5
5957,5
5958,5
5959,5
5960,5
5961,5
5962,5
5963,5
5964,5
5965,8
5966,7
5967,5
5968,5
5969,5
5970,5
5971,5
5972,5
5973,5
5974,5
5975,5
5976,5
5977,5
5978,5
5979,5
5980,5
5981,3
5982,5
5983,3
5984,5
5985,5
5986,5
5987,5
5988,5
5989,3
5990,5
5991,5
5992,8
5993,5
5994,5
5995,5
5996,5
5997,5
5998,5
5999,5
6000,5
6001,4
6002,5
6003,5
6004,5
6005,5
6006,4
6007,5
6008,5
6009,5
6010,5
6011,6
6012,5
6013,5
6014,4
6015,0
6016,0
6017,5
6018,5
6019,5
6020,1
6021,5
6022,5
6023,5
6024,1
6025,1
6026,0
6027,8
6028,3
6029,2
6030,5
6031,5
6032,6
6033,6
6034,6
6035,6
6036,6
6037,2
6038,6
6039,6
6040,6
6041,6
6042,6
6043,6
6044,6
6045,6
6046,6
6047,6
6048,6
6049,6
6050,6
6051,6
6052,6
6053,6
6054,0
6055,6
6056,6
6057,6
6058,6
6059,6
6060,6
6061,6
6062,6
6063,6
6064,5
6065,6
6066,6
6067,0
6068,6
6069,6
6070,6
6071,6
6072,6
6073,6
6074,6
6075,8
6076,7
6077,6
6078,6
6079,6
6080,6
6081,6
6082,6
6083,6
6084,6
6085,6
6086,6
6087,6
6088,6
6089,6
6090,6
6091,6
6092,6
6093,6
6094,6
6095,6
6096,6
6097,6
6098,6
6099,6
6100,6
6101,6
6102,6
6103,6
6104,6
6105,6
6106,6
6107,6
6108,6
6109,6
6110,6
6111,6
6112,6
6113,6
6114,7
6115,0
6116,6
6117,6
6118,6
6119,5
6120,6
6121,6
6122,8
6123,6
6124,6
6125,6
6126,6
6127,6
6128,6
6129,6
6130,5
6131,6
6132,6
6133,1
6134,6
6135,6
6136,6
6137,6
6138,6
6139,6
6140,6
6141,6
6142,6
6143,8
6144,6
6145,6
6146,6
6147,6
6148,6
6149,6
6150,6
6151,6
6152,6
6153,6
6154,8
6155,3
6156,6
6157,6
6158,6
6159,6
6160,6
6161,6
6162,6
6163,6
6164,6
6165,6
6166,6
6167,6
6168,6
6169,5
6170,6
6171,6
6172,5
6173,6
6174,6
6175,6
6176,6
6177,6
6178,6
6179,6
6180,6
6181,6
6182,6
6183,6
6184,6
6185,6
6186,6
6187,6
6188,6
6189,6
6190,6
6191,6
6192,6
6193,6
6194,6
6195,6
6196,6
6197,6
6198,6
6199,6
6200,6
6201,6
6202,6
6203,6
6204,6
6205,6
6206,6
6207,5
6208,6
6209,6
6210,6
6211,6
6212,6
6213,6
6214,6
6215,6
6216,8
6217,6
6218,6
6219,6
6220,6
6221,6
6222,3
6223,6
6224,1
6225,6
6226,6
6227,6
6228,6
6229,6
6230,6
6231,6
6232,6
6233,6
6234,5
6235,6
6236,6
6237,7
6238,6
6239,2
6240,6
6241,6
6242,6
6243,6
6244,6
6245,6
6246,4
6247,6
6248,6
6249,6
6250,6
6251,6
6252,6
6253,6
6254,6
6255,6
6256,6
6257,6
6258,6
6259,2
6260,6
6261,6
6262,6
6263,6
6264,6
6265,6
6266,6
6267,6
6268,6
6269,6
6270,6
6271,6
6272,6
6273,6
6274,6
6275,6
6276,6
6277,6
6278,6
6279,8
6280,0
6281,6
6282,6
6283,6
6284,6
6285,5
6286,6
6287,6
6288,6
6289,6
6290,6
6291,6
6292,6
6293,6
6294,6
6295,4
6296,6
6297,6
6298,6
6299,6
6300,6
6301,6
6302,6
6303,8
6304,6
6305,6
6306,6
6307,6
6308,2
6309,6
6310,6
6311,6
6312,6
6313,6
6314,6
6315,6
6316,6
6317,0
6318,6
6319,6
6320,6
6321,6
6322,6
6323,2
6324,6
6325,6
6326,6
6327,6
6328,6
6329,6
6330,6
6331,6
6332,6
6333,5
6334,3
6335,6
6336,6
6337,6
6338,6
6339,6
6340,6
6341,6
6342,6
6343,6
6344,6
6345,6
6346,6
6347,6
6348,6
6349,6
6350,6
6351,6
6352,6
6353,6
6354,6
6355,6
6356,6
6357,6
6358,4
6359,6
6360,6
6361,4
6362,6
6363,6
6364,6
6365,6
6366,6
6367,8
6368,6
6369,6
6370,6
6371,6
6372,6
6373,6
6374,6
6375,6
6376,6
6377,6
6378,6
6379,6
6380,6
6381,6
6382,6
6383,6
6384,6
6385,6
6386,6
6387,6
6388,6
6389,6
6390,0
6391,6
6392,6
6393,6
6394,2
6395,5
6396,6
6397,6
6398,6
6399,6
6400,6
6401,6
6402,6
6403,6
6404,6
6405,6
6406,6
6407,6
6408,6
6409,6
6410,6
6411,6
6412,6
6413,6
6414,1
6415,6
6416,6
6417,5
6418,6
6419,6
6420,6
6421,6
6422,6
6423,6
6424,6
6425,6
6426,5
6427,5
6428,6
6429,6
6430,6
6431,6
6432,6
6433,6
6434,6
6435,6
6436,6
6437,6
6438,1
6439,6
6440,6
6441,6
6442,6
6443,0
6444,6
6445,6
6446,6
6447,6
6448,6
6449,6
6450,5
6451,6
6452,6
6453,6
6454,2
6455,6
6456,6
6457,6
6458,6
6459,6
6460,6
6461,8
6462,6
6463,6
6464,6
6465,6
6466,6
6467,6
6468,6
6469,6
6470,0
6471,8
6472,6
6473,6
6474,6
6475,6
6476,6
6477,6
6478,0
6479,6
6480,6
6481,6
6482,6
6483,6
6484,6
6485,6
6486,6
6487,6
6488,6
6489,6
6490,6
6491,6
6492,5
6493,6
6494,6
6495,6
6496,6
6497,6
6498,6
6499,6
6500,6
6501,6
6502,6
6503,6
6504,6
6505,6
6506,6
6507,6
6508,6
6509,6
6510,6
6511,6
6512,6
6513,6
6514,6
6515,6
6516,6
6517,6
6518,6
6519,6
6520,6
6521,6
6522,6
6523,6
6524,6
6525,6
6526,6
6527,6
6528,6
6529,6
6530,6
6531,6
6532,6
6533,6
6534,6
6535,6
6536,6
6537,6
6538,6
6539,6
6540,6
6541,6
6542,6
6543,6
6544,6
6545,6
6546,6
6547,6
6548,6
6549,6
6550,6
6551,6
6552,6
6553,6
6554,6
6555,6
6556,6
6557,6
6558,6
6559,6
6560,6
6561,6
6562,6
6563,6
6564,6
6565,6
6566,6
6567,6
6568,6
6569,6
6570,6
6571,6
6572,6
6573,6
6574,6
6575,6
6576,6
6577,6
6578,6
6579,6
6580,6
6581,6
6582,6
6583,6
6584,6
6585,6
6586,6
6587,6
6588,6
6589,6
6590,6
6591,6
6592,6
6593,6
6594,6
6595,6
6596,6
6597,6
6598,6
6599,6
6600,6
6601,6
6602,6
6603,6
6604,6
6605,6
6606,6
6607,6
6608,6
6609,6
6610,6
6611,6
6612,6
6613,6
6614,6
6615,6
6616,6
6617,6
6618,6
6619,6
6620,6
6621,6
6622,6
6623,6
6624,6
6625,6
6626,6
6627,6
6628,6
6629,6
6630,6
6631,6
6632,6
6633,6
6634,6
6635,6
6636,8
6637,6
6638,6
6639,6
6640,6
6641,6
6642,6
6643,6
6644,6
6645,6
6646,6
6647,6
6648,6
6649,6
6650,6
6651,6
6652,6
6653,6
6654,6
6655,6
6656,6
6657,6
6658,6
6659,6
6660,6
6661,6
6662,6
6663,5
6664,6
6665,6
6666,6
6667,6
6668,6
6669,6
6670,6
6671,6
6672,6
6673,6
6674,6
6675,4
6676,6
6677,6
6678,6
6679,6
6680,6
6681,4
6682,6
6683,6
6684,6
6685,6
6686,6
6687,6
6688,6
6689,6
6690,6
6691,6
6692,6
6693,6
6694,6
6695,6
6696,6
6697,6
6698,6
6699,6
6700,6
6701,6
6702,6
6703,6
6704,6
6705,6
6706,6
6707,6
6708,6
6709,6
6710,6
6711,6
6712,6
6713,6
6714,6
6715,6
6716,6
6717,6
6718,6
6719,6
6720,6
6721,6
6722,6
6723,6
6724,6
6725,6
6726,6
6727,6
6728,6
6729,6
6730,6
6731,6
6732,6
6733,6
6734,6
6735,6
6736,6
6737,6
6738,6
6739,6
6740,6
6741,6
6742,6
6743,6
6744,6
6745,6
6746,6
6747,6
6748,6
6749,6
6750,6
6751,6
6752,6
6753,6
6754,6
6755,6
6756,6
6757,6
6758,6
6759,2
6760,6
6761,6
6762,6
6763,6
6764,6
6765,6
6766,6
6767,6
6768,6
6769,6
6770,6
6771,6
6772,6
6773,6
6774,6
6775,6
6776,6
6777,6
6778,6
6779,6
6780,6
6781,6
6782,5
6783,6
6784,6
6785,6
6786,6
6787,6
6788,6
6789,6
6790,6
6791,6
6792,6
6793,6
6794,6
6795,6
6796,6
6797,6
6798,6
6799,6
6800,6
6801,6
6802,6
6803,5
6804,6
6805,6
6806,6
6807,6
6808,5
6809,6
6810,6
6811,6
6812,6
6813,6
6814,6
6815,6
6816,6
6817,6
6818,6
6819,6
6820,6
6821,6
6822,6
6823,6
6824,6
6825,6
6826,6
6827,6
6828,6
6829,6
6830,6
6831,6
6832,6
6833,6
6834,6
6835,6
6836,6
6837,6
6838,6
6839,6
6840,6
6841,6
6842,6
6843,6
6844,6
6845,6
6846,6
6847,6
6848,6
6849,6
6850,6
6851,6
6852,6
6853,6
6854,6
6855,6
6856,6
6857,6
6858,6
6859,6
6860,6
6861,6
6862,6
6863,6
6864,6
6865,6
6866,6
6867,6
6868,6
6869,6
6870,6
6871,6
6872,6
6873,6
6874,6
6875,6
6876,6
6877,6
6878,6
6879,6
6880,6
6881,6
6882,6
6883,6
6884,6
6885,6
6886,6
6887,6
6888,6
6889,6
6890,6
6891,6
6892,6
6893,6
6894,6
6895,6
6896,6
6897,6
6898,6
6899,6
6900,6
6901,6
6902,6
6903,6
6904,6
6905,6
6906,6
6907,6
6908,6
6909,6
6910,6
6911,6
6912,6
6913,6
6914,6
6915,6
6916,6
6917,6
6918,6
6919,6
6920,6
6921,6
6922,6
6923,6
6924,6
6925,6
6926,6
6927,6
6928,6
6929,6
6930,6
6931,6
6932,6
6933,6
6934,6
6935,6
6936,6
6937,6
6938,6
6939,6
6940,6
6941,6
6942,6
6943,6
6944,6
6945,6
6946,6
6947,6
6948,6
6949,6
6950,6
6951,6
6952,6
6953,6
6954,6
6955,6
6956,6
6957,3
6958,6
6959,6
6960,6
6961,6
6962,6
6963,6
6964,6
6965,6
6966,6
6967,6
6968,6
6969,6
6970,6
6971,6
6972,6
6973,6
6974,3
6975,6
6976,6
6977,6
6978,6
6979,6
6980,6
6981,6
6982,6
6983,6
6984,6
6985,6
6986,6
6987,6
6988,6
6989,6
6990,7
6991,7
6992,7
6993,7
6994,7
6995,7
6996,7
6997,7
6998,7
6999,7
7000,7
7001,7
7002,7
7003,7
7004,7
7005,7
7006,7
7007,7
7008,7
7009,7
7010,7
7011,7
7012,7
7013,7
7014,7
7015,7
7016,7
7017,7
7018,7
7019,7
7020,7
7021,7
7022,7
7023,7
7024,7
7025,7
7026,7
7027,7
7028,7
7029,7
7030,7
7031,7
7032,7
7033,7
7034,7
7035,7
7036,9
7037,7
7038,7
7039,7
7040,7
7041,7
7042,9
7043,7
7044,7
7045,7
7046,7
7047,9
7048,7
7049,7
7050,7
7051,7
7052,7
7053,4
7054,7
7055,1
7056,7
7057,7
7058,3
7059,9
7060,7
7061,7
7062,7
7063,7
7064,7
7065,7
7066,7
7067,7
7068,7
7069,7
7070,7
7071,7
7072,7
7073,7
7074,7
7075,7
7076,7
7077,7
7078,7
7079,8
7080,7
7081,7
7082,7
7083,7
7084,7
7085,7
7086,2
7087,9
7088,7
7089,7
7090,9
7091,7
7092,8
7093,7
7094,7
7095,7
7096,9
7097,7
7098,7
7099,7
7100,7
7101,7
7102,7
7103,7
7104,7
7105,7
7106,7
7107,7
7108,7
7109,7
7110,7
7111,7
7112,7
7113,7
7114,7
7115,7
7116,2
7117,8
7118,7
7119,1
7120,7
7121,2
7122,7
7123,2
7124,7
7125,7
7126,9
7127,7
7128,7
7129,7
7130,7
7131,7
7132,7
7133,7
7134,7
7135,7
7136,8
7137,7
7138,7
7139,7
7140,1
7141,7
7142,7
7143,7
7144,9
7145,7
7146,7
7147,7
7148,7
7149,7
7150,7
7151,7
7152,9
7153,7
7154,7
7155,7
7156,7
7157,7
7158,7
7159,7
7160,7
7161,7
7162,7
7163,7
7164,2
7165,7
7166,7
7167,7
7168,7
7169,2
7170,7
7171,4
7172,7
7173,9
7174,7
7175,7
7176,7
7177,7
7178,7
7179,7
7180,7
7181,7
7182,7
7183,9
7184,7
7185,4
7186,7
7187,7
7188,7
7189,7
7190,8
7191,7
7192,7
7193,7
7194,7
7195,2
7196,9
7197,7
7198,7
7199,9
7200,7
7201,7
7202,9
7203,7
7204,2
7205,7
7206,0
7207,7
7208,7
7209,7
7210,7
7211,7
7212,7
7213,7
7214,7
7215,7
7216,7
7217,7
7218,7
7219,7
7220,7
7221,7
7222,0
7223,7
7224,7
7225,7
7226,7
7227,7
7228,7
7229,7
7230,7
7231,2
7232,7
7233,7
7234,7
7235,7
7236,7
7237,7
7238,7
7239,7
7240,7
7241,7
7242,7
7243,7
7244,7
7245,7
7246,7
7247,7
7248,7
7249,9
7250,0
7251,7
7252,7
7253,7
7254,7
7255,7
7256,7
7257,7
7258,7
7259,7
7260,7
7261,7
7262,7
7263,7
7264,9
7265,7
7266,9
7267,7
7268,7
7269,7
7270,7
7271,7
7272,4
7273,7
7274,7
7275,4
7276,7
7277,7
7278,7
7279,2
7280,7
7281,7
7282,7
7283,7
7284,7
7285,7
7286,7
7287,7
7288,7
7289,7
7290,7
7291,7
7292,7
7293,7
7294,7
7295,7
7296,7
7297,7
7298,7
7299,7
7300,7
7301,7
7302,7
7303,7
7304,7
7305,7
7306,7
7307,7
7308,7
7309,7
7310,7
7311,7
7312,7
7313,7
7314,9
7315,7
7316,7
7317,9
7318,7
7319,4
7320,7
7321,7
7322,7
7323,7
7324,7
7325,7
7326,1
7327,7
7328,7
7329,7
7330,7
7331,7
7332,7
7333,7
7334,7
7335,7
7336,7
7337,9
7338,7
7339,7
7340,7
7341,7
7342,7
7343,7
7344,7
7345,7
7346,7
7347,7
7348,7
7349,7
7350,7
7351,7
7352,7
7353,7
7354,7
7355,7
7356,7
7357,7
7358,8
7359,7
7360,7
7361,4
7362,6
7363,7
7364,7
7365,7
7366,7
7367,7
7368,7
7369,7
7370,7
7371,7
7372,7
7373,7
7374,7
7375,7
7376,7
7377,7
7378,7
7379,7
7380,7
7381,9
7382,7
7383,7
7384,7
7385,7
7386,2
7387,7
7388,8
7389,9
7390,1
7391,3
7392,7
7393,7
7394,7
7395,7
7396,7
7397,7
7398,7
7399,7
7400,7
7401,3
7402,9
7403,7
7404,7
7405,8
7406,7
7407,7
7408,7
7409,7
7410,7
7411,7
7412,7
7413,7
7414,7
7415,7
7416,7
7417,7
7418,7
7419,7
7420,9
7421,7
7422,7
7423,7
7424,7
7425,7
7426,9
7427,7
7428,7
7429,7
7430,7
7431,7
7432,3
7433,9
7434,8
7435,7
7436,7
7437,7
7438,7
7439,7
7440,7
7441,7
7442,7
7443,7
7444,7
7445,7
7446,7
7447,7
7448,9
7449,4
7450,7
7451,7
7452,7
7453,9
7454,7
7455,7
7456,7
7457,7
7458,7
7459,7
7460,7
7461,7
7462,7
7463,7
7464,7
7465,7
7466,7
7467,7
7468,7
7469,2
7470,7
7471,7
7472,7
7473,7
7474,7
7475,7
7476,7
7477,7
7478,7
7479,7
7480,7
7481,7
7482,7
7483,7
7484,1
7485,7
7486,7
7487,7
7488,7
7489,7
7490,1
7491,7
7492,7
7493,2
7494,7
7495,7
7496,7
7497,1
7498,7
7499,7
7500,7
7501,7
7502,7
7503,7
7504,7
7505,7
7506,7
7507,7
7508,7
7509,7
7510,7
7511,7
7512,7
7513,7
7514,7
7515,7
7516,7
7517,7
7518,9
7519,7
7520,7
7521,7
7522,7
7523,7
7524,7
7525,7
7526,2
7527,7
7528,7
7529,7
7530,7
7531,7
7532,7
7533,7
7534,7
7535,7
7536,7
7537,7
7538,7
7539,7
7540,7
7541,7
7542,7
7543,7
7544,7
7545,7
7546,7
7547,7
7548,7
7549,7
7550,7
7551,7
7552,7
7553,7
7554,7
7555,7
7556,7
7557,7
7558,7
7559,7
7560,7
7561,7
7562,9
7563,7
7564,9
7565,7
7566,9
7567,7
7568,7
7569,7
7570,9
7571,7
7572,9
7573,7
7574,9
7575,9
7576,7
7577,7
7578,7
7579,7
7580,7
7581,7
7582,7
7583,7
7584,7
7585,7
7586,7
7587,7
7588,7
7589,2
7590,9
7591,7
7592,7
7593,7
7594,7
7595,7
7596,7
7597,7
7598,7
7599,7
7600,7
7601,7
7602,7
7603,7
7604,7
7605,7
7606,7
7607,7
7608,7
7609,7
7610,7
7611,7
7612,7
7613,7
7614,7
7615,7
7616,7
7617,7
7618,7
7619,7
7620,7
7621,7
7622,7
7623,7
7624,7
7625,7
7626,7
7627,7
7628,7
7629,7
7630,7
7631,7
7632,7
7633,7
7634,7
7635,7
7636,7
7637,7
7638,7
7639,7
7640,7
7641,7
7642,7
7643,7
7644,7
7645,7
7646,7
7647,7
7648,7
7649,7
7650,7
7651,7
7652,7
7653,7
7654,7
7655,1
7656,7
7657,7
7658,7
7659,7
7660,7
7661,7
7662,9
7663,7
7664,7
7665,7
7666,7
7667,7
7668,7
7669,7
7670,7
7671,7
7672,7
7673,7
7674,7
7675,7
7676,7
7677,7
7678,7
7679,7
7680,2
7681,7
7682,7
7683,7
7684,7
7685,7
7686,7
7687,7
7688,7
7689,7
7690,7
7691,7
7692,7
7693,7
7694,7
7695,7
7696,7
7697,7
7698,7
7699,7
7700,7
7701,7
7702,7
7703,7
7704,7
7705,7
7706,7
7707,7
7708,7
7709,7
7710,7
7711,7
7712,7
7713,7
7714,7
7715,7
7716,7
7717,7
7718,7
7719,7
7720,7
7721,7
7722,7
7723,7
7724,7
7725,7
7726,7
7727,7
7728,7
7729,7
7730,7
7731,7
7732,7
7733,7
7734,7
7735,7
7736,7
7737,7
7738,7
7739,7
7740,7
7741,7
7742,7
7743,7
7744,7
7745,7
7746,2
7747,7
7748,7
7749,7
7750,7
7751,7
7752,7
7753,7
7754,7
7755,7
7756,7
7757,7
7758,7
7759,7
7760,7
7761,7
7762,7
7763,7
7764,7
7765,7
7766,7
7767,7
7768,7
7769,7
7770,7
7771,7
7772,7
7773,7
7774,7
7775,7
7776,7
7777,7
7778,7
7779,7
7780,7
7781,7
7782,7
7783,7
7784,7
7785,7
7786,7
7787,7
7788,7
7789,7
7790,7
7791,7
7792,7
7793,7
7794,7
7795,7
7796,7
7797,7
7798,7
7799,7
7800,7
7801,7
7802,7
7803,7
7804,7
7805,7
7806,7
7807,7
7808,7
7809,7
7810,1
7811,7
7812,7
7813,7
7814,7
7815,7
7816,7
7817,7
7818,7
7819,7
7820,7
7821,7
7822,7
7823,7
7824,7
7825,7
7826,7
7827,7
7828,7
7829,7
7830,7
7831,7
7832,7
7833,7
7834,7
7835,7
7836,7
7837,7
7838,9
7839,7
7840,4
7841,7
7842,7
7843,7
7844,7
7845,7
7846,7
7847,7
7848,7
7849,7
7850,7
7851,7
7852,7
7853,7
7854,7
7855,7
7856,7
7857,7
7858,7
7859,7
7860,7
7861,7
7862,7
7863,7
7864,7
7865,7
7866,7
7867,7
7868,7
7869,7
7870,7
7871,7
7872,7
7873,7
7874,7
7875,7
7876,7
7877,7
7878,7
7879,7
7880,7
7881,7
7882,7
7883,7
7884,7
7885,7
7886,7
7887,7
7888,7
7889,7
7890,7
7891,7
7892,2
7893,7
7894,7
7895,7
7896,7
7897,7
7898,7
7899,7
7900,7
7901,7
7902,7
7903,7
7904,2
7905,2
7906,2
7907,2
7908,2
7909,2
7910,7
7911,2
7912,7
7913,7
7914,7
7915,7
7916,7
7917,7
7918,7
7919,7
7920,7
7921,7
7922,7
7923,7
7924,7
7925,7
7926,7
7927,7
7928,7
7929,7
7930,7
7931,7
7932,7
7933,7
7934,7
7935,7
7936,7
7937,7
7938,7
7939,7
7940,7
7941,7
7942,7
7943,7
7944,7
7945,7
7946,7
7947,7
7948,7
7949,7
7950,7
7951,7
7952,7
7953,7
7954,7
7955,7
7956,7
7957,7
7958,7
7959,7
7960,7
7961,7
7962,7
7963,7
7964,7
7965,7
7966,7
7967,7
7968,7
7969,7
7970,7
7971,7
7972,7
7973,7
7974,7
7975,7
7976,7
7977,7
7978,7
7979,7
7980,7
7981,7
7982,7
7983,7
7984,7
7985,7
7986,7
7987,7
7988,7
7989,7
7990,7
7991,7
7992,7
7993,7
7994,7
7995,7
7996,7
7997,7
7998,7
7999,7
8000,7
8001,7
8002,7
8003,7
8004,7
8005,7
8006,7
8007,7
8008,7
8009,7
8010,7
8011,7
8012,7
8013,7
8014,7
8015,7
8016,7
8017,7
8018,8
8019,8
8020,3
8021,8
8022,8
8023,8
8024,8
8025,8
8026,8
8027,8
8028,8
8029,8
8030,7
8031,8
8032,8
8033,8
8034,5
8035,8
8036,8
8037,4
8038,8
8039,0
8040,8
8041,8
8042,8
8043,8
8044,8
8045,8
8046,8
8047,8
8048,8
8049,7
8050,8
8051,8
8052,8
8053,8
8054,8
8055,8
8056,8
8057,2
8058,8
8059,8
8060,8
8061,4
8062,3
8063,8
8064,8
8065,8
8066,8
8067,3
8068,3
8069,8
8070,8
8071,8
8072,8
8073,8
8074,8
8075,8
8076,8
8077,8
8078,8
8079,4
8080,8
8081,8
8082,5
8083,8
8084,8
8085,8
8086,8
8087,8
8088,8
8089,8
8090,8
8091,3
8092,7
8093,8
8094,8
8095,8
8096,5
8097,8
8098,8
8099,8
8100,8
8101,8
8102,8
8103,9
8104,8
8105,8
8106,5
8107,8
8108,8
8109,8
8110,8
8111,8
8112,8
8113,4
8114,8
8115,8
8116,3
8117,8
8118,8
8119,8
8120,8
8121,8
8122,8
8123,9
8124,3
8125,5
8126,8
8127,8
8128,8
8129,8
8130,8
8131,6
8132,8
8133,8
8134,8
8135,8
8136,8
8137,8
8138,8
8139,3
8140,8
8141,8
8142,8
8143,8
8144,8
8145,8
8146,8
8147,8
8148,8
8149,8
8150,8
8151,1
8152,8
8153,8
8154,8
8155,8
8156,1
8157,8
8158,1
8159,5
8160,8
8161,7
8162,8
8163,8
8164,8
8165,8
8166,9
8167,8
8168,8
8169,8
8170,1
8171,8
8172,8
8173,8
8174,9
8175,8
8176,9
8177,8
8178,8
8179,8
8180,1
8181,1
8182,0
8183,8
8184,5
8185,8
8186,8
8187,8
8188,5
8189,8
8190,5
8191,8
8192,8
8193,7
8194,8
8195,8
8196,8
8197,3
8198,9
8199,8
8200,3
8201,8
8202,8
8203,8
8204,8
8205,2
8206,8
8207,8
8208,1
8209,5
8210,9
8211,8
8212,8
8213,8
8214,8
8215,8
8216,8
8217,8
8218,8
8219,0
8220,8
8221,8
8222,1
8223,8
8224,8
8225,8
8226,8
8227,8
8228,2
8229,8
8230,8
8231,3
8232,8
8233,3
8234,8
8235,8
8236,8
8237,8
8238,8
8239,8
8240,8
8241,0
8242,8
8243,8
8244,8
8245,8
8246,8
8247,1
8248,8
8249,8
8250,8
8251,5
8252,3
8253,8
8254,8
8255,3
8256,8
8257,8
8258,8
8259,8
8260,8
8261,1
8262,8
8263,8
8264,8
8265,8
8266,8
8267,8
8268,8
8269,8
8270,8
8271,8
8272,8
8273,8
8274,8
8275,8
8276,8
8277,8
8278,8
8279,8
8280,8
8281,8
8282,8
8283,8
8284,8
8285,8
8286,8
8287,3
8288,8
8289,8
8290,8
8291,8
8292,1
8293,8
8294,8
8295,0
8296,8
8297,8
8298,8
8299,8
8300,8
8301,8
8302,8
8303,8
8304,8
8305,8
8306,6
8307,8
8308,8
8309,8
8310,8
8311,2
8312,8
8313,8
8314,8
8315,8
8316,8
8317,8
8318,8
8319,8
8320,8
8321,8
8322,8
8323,3
8324,3
8325,8
8326,8
8327,1
8328,9
8329,8
8330,8
8331,8
8332,8
8333,8
8334,8
8335,5
8336,8
8337,8
8338,8
8339,8
8340,8
8341,8
8342,8
8343,8
8344,8
8345,8
8346,3
8347,8
8348,8
8349,8
8350,8
8351,8
8352,8
8353,8
8354,8
8355,5
8356,8
8357,8
8358,8
8359,8
8360,8
8361,8
8362,8
8363,3
8364,8
8365,8
8366,8
8367,5
8368,7
8369,8
8370,8
8371,9
8372,8
8373,8
8374,1
8375,5
8376,3
8377,8
8378,8
8379,8
8380,8
8381,8
8382,8
8383,8
8384,8
8385,2
8386,8
8387,8
8388,3
8389,8
8390,8
8391,8
8392,8
8393,8
8394,8
8395,8
8396,8
8397,7
8398,8
8399,8
8400,8
8401,8
8402,8
8403,8
8404,8
8405,8
8406,8
8407,5
8408,8
8409,8
8410,8
8411,8
8412,8
8413,8
8414,8
8415,8
8416,8
8417,8
8418,8
8419,8
8420,3
8421,8
8422,3
8423,3
8424,5
8425,8
8426,8
8427,8
8428,9
8429,8
8430,8
8431,8
8432,8
8433,8
8434,8
8435,8
8436,8
8437,8
8438,8
8439,8
8440,8
8441,8
8442,7
8443,8
8444,8
8445,8
8446,8
8447,8
8448,8
8449,0
8450,8
8451,8
8452,8
8453,8
8454,8
8455,8
8456,8
8457,3
8458,8
8459,8
8460,8
8461,4
8462,8
8463,8
8464,8
8465,8
8466,9
8467,8
8468,8
8469,3
8470,8
8471,8
8472,1
8473,7
8474,8
8475,8
8476,8
8477,7
8478,8
8479,8
8480,8
8481,1
8482,8
8483,8
8484,8
8485,0
8486,8
8487,8
8488,8
8489,8
8490,8
8491,8
8492,8
8493,8
8494,8
8495,8
8496,8
8497,6
8498,5
8499,8
8500,8
8501,4
8502,4
8503,5
8504,8
8505,8
8506,8
8507,8
8508,1
8509,8
8510,8
8511,8
8512,8
8513,8
8514,1
8515,8
8516,8
8517,8
8518,5
8519,8
8520,8
8521,8
8522,8
8523,5
8524,4
8525,8
8526,8
8527,8
8528,8
8529,8
8530,8
8531,8
8532,8
8533,8
8534,0
8535,8
8536,8
8537,8
8538,8
8539,8
8540,7
8541,8
8542,8
8543,8
8544,8
8545,8
8546,8
8547,8
8548,8
8549,8
8550,8
8551,8
8552,5
8553,8
8554,8
8555,8
8556,8
8557,8
8558,8
8559,8
8560,8
8561,8
8562,0
8563,8
8564,8
8565,8
8566,4
8567,1
8568,8
8569,5
8570,8
8571,8
8572,5
8573,8
8574,8
8575,8
8576,8
8577,8
8578,1
8579,8
8580,8
8581,6
8582,8
8583,8
8584,8
8585,8
8586,8
8587,8
8588,8
8589,8
8590,8
8591,3
8592,8
8593,8
8594,8
8595,8
8596,8
8597,8
8598,8
8599,8
8600,8
8601,8
8602,2
8603,3
8604,8
8605,8
8606,5
8607,8
8608,8
8609,8
8610,8
8611,8
8612,8
8613,8
8614,8
8615,8
8616,8
8617,8
8618,8
8619,8
8620,8
8621,8
8622,8
8623,8
8624,8
8625,8
8626,8
8627,8
8628,8
8629,8
8630,8
8631,8
8632,8
8633,3
8634,8
8635,8
8636,8
8637,8
8638,8
8639,8
8640,5
8641,3
8642,8
8643,8
8644,8
8645,8
8646,8
8647,8
8648,8
8649,8
8650,8
8651,8
8652,8
8653,8
8654,8
8655,8
8656,8
8657,0
8658,8
8659,8
8660,7
8661,8
8662,8
8663,8
8664,7
8665,8
8666,7
8667,8
8668,8
8669,8
8670,5
8671,8
8672,8
8673,5
8674,8
8675,8
8676,8
8677,8
8678,8
8679,7
8680,8
8681,8
8682,8
8683,5
8684,8
8685,8
8686,8
8687,8
8688,8
8689,8
8690,8
8691,8
8692,8
8693,8
8694,8
8695,8
8696,5
8697,8
8698,8
8699,8
8700,8
8701,8
8702,8
8703,8
8704,8
8705,8
8706,8
8707,8
8708,8
8709,8
8710,9
8711,7
8712,8
8713,8
8714,7
8715,8
8716,8
8717,8
8718,8
8719,8
8720,8
8721,8
8722,8
8723,7
8724,8
8725,8
8726,8
8727,8
8728,3
8729,8
8730,8
8731,8
8732,8
8733,8
8734,8
8735,8
8736,8
8737,8
8738,8
8739,8
8740,8
8741,8
8742,8
8743,8
8744,8
8745,5
8746,8
8747,8
8748,5
8749,8
8750,8
8751,8
8752,8
8753,8
8754,8
8755,8
8756,8
8757,8
8758,8
8759,8
8760,8
8761,8
8762,8
8763,8
8764,8
8765,8
8766,8
8767,8
8768,8
8769,3
8770,8
8771,8
8772,8
8773,5
8774,8
8775,8
8776,8
8777,8
8778,8
8779,8
8780,8
8781,8
8782,8
8783,8
8784,8
8785,8
8786,8
8787,8
8788,8
8789,8
8790,8
8791,8
8792,8
8793,8
8794,8
8795,1
8796,8
8797,8
8798,8
8799,9
8800,8
8801,8
8802,7
8803,8
8804,0
8805,8
8806,8
8807,8
8808,8
8809,8
8810,8
8811,8
8812,8
8813,0
8814,8
8815,8
8816,8
8817,8
8818,8
8819,8
8820,5
8821,8
8822,8
8823,8
8824,8
8825,8
8826,8
8827,8
8828,8
8829,5
8830,8
8831,5
8832,8
8833,8
8834,8
8835,8
8836,8
8837,6
8838,8
8839,8
8840,5
8841,8
8842,6
8843,5
8844,8
8845,8
8846,8
8847,8
8848,8
8849,8
8850,8
8851,6
8852,8
8853,8
8854,8
8855,8
8856,8
8857,8
8858,8
8859,8
8860,8
8861,8
8862,8
8863,8
8864,8
8865,8
8866,8
8867,8
8868,8
8869,8
8870,8
8871,8
8872,8
8873,9
8874,8
8875,8
8876,8
8877,8
8878,8
8879,8
8880,8
8881,8
8882,8
8883,8
8884,8
8885,8
8886,8
8887,8
8888,8
8889,8
8890,8
8891,8
8892,8
8893,8
8894,8
8895,8
8896,8
8897,8
8898,8
8899,5
8900,8
8901,8
8902,8
8903,8
8904,8
8905,8
8906,5
8907,8
8908,8
8909,9
8910,5
8911,6
8912,8
8913,8
8914,8
8915,5
8916,8
8917,8
8918,8
8919,8
8920,8
8921,8
8922,5
8923,8
8924,8
8925,9
8926,8
8927,8
8928,8
8929,8
8930,8
8931,8
8932,8
8933,5
8934,8
8935,8
8936,8
8937,8
8938,8
8939,8
8940,8
8941,8
8942,8
8943,8
8944,8
8945,8
8946,8
8947,8
8948,8
8949,8
8950,8
8951,8
8952,8
8953,8
8954,8
8955,8
8956,8
8957,8
8958,8
8959,8
8960,8
8961,8
8962,8
8963,5
8964,8
8965,8
8966,1
8967,8
8968,5
8969,8
8970,8
8971,8
8972,1
8973,8
8974,8
8975,8
8976,8
8977,8
8978,8
8979,8
8980,1
8981,6
8982,8
8983,8
8984,8
8985,8
8986,8
8987,8
8988,8
8989,7
8990,8
8991,8
8992,9
8993,9
8994,9
8995,9
8996,9
8997,9
8998,9
8999,7
9000,9
9001,9
9002,9
9003,9
9004,9
9005,9
9006,9
9007,9
9008,9
9009,9
9010,8
9011,9
9012,9
9013,8
9014,9
9015,9
9016,9
9017,9
9018,3
9019,9
9020,3
9021,9
9022,9
9023,9
9024,9
9025,9
9026,9
9027,1
9028,9
9029,9
9030,9
9031,7
9032,9
9033,9
9034,7
9035,9
9036,9
9037,9
9038,8
9039,9
9040,9
9041,3
9042,9
9043,9
9044,9
9045,9
9046,9
9047,9
9048,4
9049,9
9050,9
9051,9
9052,9
9053,9
9054,9
9055,9
9056,9
9057,9
9058,9
9059,9
9060,9
9061,9
9062,9
9063,4
9064,9
9065,9
9066,9
9067,9
9068,9
9069,9
9070,9
9071,9
9072,9
9073,9
9074,9
9075,9
9076,7
9077,9
9078,9
9079,9
9080,9
9081,9
9082,9
9083,9
9084,9
9085,7
9086,3
9087,9
9088,9
9089,1
9090,4
9091,9
9092,9
9093,3
9094,9
9095,9
9096,9
9097,9
9098,9
9099,3
9100,9
9101,9
9102,9
9103,9
9104,4
9105,1
9106,3
9107,4
9108,0
9109,9
9110,9
9111,9
9112,9
9113,9
9114,9
9115,9
9116,9
9117,9
9118,9
9119,9
9120,9
9121,9
9122,9
9123,9
9124,9
9125,9
9126,9
9127,4
9128,9
9129,1
9130,9
9131,9
9132,9
9133,9
9134,9
9135,9
9136,9
9137,9
9138,9
9139,9
9140,3
9141,8
9142,9
9143,3
9144,9
9145,9
9146,9
9147,9
9148,9
9149,9
9150,7
9151,9
9152,9
9153,9
9154,9
9155,9
9156,9
9157,7
9158,9
9159,5
9160,9
9161,0
9162,9
9163,9
9164,9
9165,9
9166,9
9167,9
9168,7
9169,9
9170,9
9171,3
9172,9
9173,4
9174,9
9175,9
9176,9
9177,9
9178,4
9179,9
9180,9
9181,8
9182,9
9183,9
9184,8
9185,9
9186,9
9187,9
9188,9
9189,9
9190,4
9191,9
9192,9
9193,9
9194,3
9195,9
9196,9
9197,9
9198,1
9199,9
9200,9
9201,9
9202,9
9203,9
9204,9
9205,9
9206,9
9207,9
9208,9
9209,9
9210,9
9211,2
9212,9
9213,9
9214,9
9215,9
9216,9
9217,3
9218,9
9219,9
9220,0
9221,1
9222,1
9223,9
9224,9
9225,9
9226,9
9227,9
9228,9
9229,9
9230,9
9231,9
9232,9
9233,9
9234,9
9235,9
9236,8
9237,9
9238,9
9239,9
9240,9
9241,9
9242,7
9243,9
9244,9
9245,9
9246,9
9247,9
9248,0
9249,9
9250,9
9251,9
9252,9
9253,9
9254,9
9255,9
9256,7
9257,9
9258,9
9259,1
9260,8
9261,9
9262,9
9263,9
9264,9
9265,9
9266,9
9267,9
9268,9
9269,9
9270,9
9271,9
9272,9
9273,9
9274,9
9275,9
9276,9
9277,9
9278,9
9279,9
9280,9
9281,9
9282,9
9283,9
9284,9
9285,9
9286,9
9287,9
9288,1
9289,9
9290,9
9291,9
9292,9
9293,9
9294,7
9295,9
9296,9
9297,9
9298,9
9299,9
9300,9
9301,9
9302,9
9303,3
9304,9
9305,9
9306,9
9307,4
9308,1
9309,9
9310,9
9311,9
9312,2
9313,4
9314,9
9315,9
9316,9
9317,4
9318,9
9319,9
9320,9
9321,9
9322,9
9323,9
9324,9
9325,9
9326,1
9327,9
9328,9
9329,9
9330,9
9331,9
9332,9
9333,9
9334,9
9335,3
9336,9
9337,4
9338,9
9339,9
9340,9
9341,7
9342,9
9343,3
9344,9
9345,9
9346,9
9347,9
9348,9
9349,9
9350,9
9351,9
9352,4
9353,9
9354,9
9355,9
9356,4
9357,5
9358,9
9359,9
9360,9
9361,4
9362,9
9363,9
9364,9
9365,9
9366,9
9367,9
9368,9
9369,9
9370,9
9371,9
9372,3
9373,9
9374,9
9375,9
9376,9
9377,9
9378,9
9379,1
9380,9
9381,9
9382,9
9383,4
9384,9
9385,4
9386,9
9387,9
9388,9
9389,9
9390,3
9391,9
9392,9
9393,9
9394,9
9395,9
9396,9
9397,9
9398,9
9399,9
9400,4
9401,9
9402,0
9403,9
9404,9
9405,9
9406,9
9407,9
9408,9
9409,9
9410,7
9411,9
9412,9
9413,9
9414,9
9415,9
9416,9
9417,9
9418,9
9419,9
9420,5
9421,9
9422,4
9423,9
9424,9
9425,9
9426,0
9427,9
9428,9
9429,9
9430,9
9431,9
9432,9
9433,9
9434,4
9435,9
9436,9
9437,9
9438,9
9439,9
9440,9
9441,0
9442,9
9443,9
9444,9
9445,4
9446,9
9447,9
9448,9
9449,1
9450,9
9451,9
9452,9
9453,1
9454,9
9455,4
9456,2
9457,9
9458,9
9459,9
9460,9
9461,9
9462,4
9463,9
9464,9
9465,9
9466,9
9467,9
9468,9
9469,9
9470,9
9471,9
9472,9
9473,9
9474,9
9475,9
9476,9
9477,9
9478,9
9479,9
9480,9
9481,9
9482,9
9483,9
9484,9
9485,9
9486,9
9487,5
9488,9
9489,9
9490,9
9491,9
9492,4
9493,9
9494,9
9495,9
9496,9
9497,9
9498,0
9499,9
9500,9
9501,9
9502,9
9503,9
9504,9
9505,9
9506,4
9507,9
9508,9
9509,9
9510,9
9511,9
9512,9
9513,9
9514,4
9515,9
9516,9
9517,9
9518,9
9519,9
9520,9
9521,9
9522,9
9523,9
9524,9
9525,9
9526,4
9527,9
9528,9
9529,9
9530,9
9531,9
9532,9
9533,9
9534,9
9535,9
9536,9
9537,9
9538,9
9539,9
9540,9
9541,9
9542,9
9543,9
9544,9
9545,9
9546,7
9547,9
9548,9
9549,9
9550,9
9551,9
9552,9
9553,9
9554,9
9555,9
9556,9
9557,9
9558,9
9559,9
9560,9
9561,9
9562,9
9563,9
9564,9
9565,9
9566,9
9567,9
9568,9
9569,9
9570,9
9571,9
9572,9
9573,9
9574,9
9575,9
9576,9
9577,7
9578,9
9579,9
9580,9
9581,9
9582,9
9583,9
9584,9
9585,9
9586,9
9587,9
9588,9
9589,7
9590,9
9591,9
9592,9
9593,9
9594,9
9595,9
9596,9
9597,9
9598,9
9599,9
9600,9
9601,9
9602,9
9603,9
9604,9
9605,9
9606,9
9607,9
9608,9
9609,9
9610,9
9611,9
9612,9
9613,9
9614,9
9615,9
9616,9
9617,9
9618,9
9619,3
9620,8
9621,8
9622,9
9623,9
9624,9
9625,9
9626,3
9627,9
9628,0
9629,0
9630,9
9631,9
9632,9
9633,9
9634,9
9635,9
9636,9
9637,9
9638,9
9639,9
9640,9
9641,9
9642,9
9643,9
9644,9
9645,9
9646,9
9647,9
9648,9
9649,9
9650,9
9651,9
9652,9
9653,9
9654,9
9655,9
9656,9
9657,0
9658,9
9659,9
9660,9
9661,9
9662,9
9663,9
9664,9
9665,9
9666,9
9667,9
9668,3
9669,4
9670,9
9671,9
9672,9
9673,9
9674,9
9675,9
9676,9
9677,9
9678,9
9679,9
9680,9
9681,9
9682,0
9683,9
9684,4
9685,9
9686,9
9687,9
9688,9
9689,9
9690,9
9691,4
9692,4
9693,9
9694,9
9695,9
9696,9
9697,9
9698,9
9699,9
9700,9
9701,7
9702,9
9703,9
9704,9
9705,7
9706,9
9707,9
9708,9
9709,9
9710,9
9711,9
9712,9
9713,7
9714,9
9715,9
9716,9
9717,9
9718,9
9719,9
9720,9
9721,9
9722,9
9723,9
9724,9
9725,4
9726,9
9727,9
9728,7
9729,9
9730,9
9731,9
9732,9
9733,9
9734,9
9735,9
9736,9
9737,9
9738,9
9739,9
9740,9
9741,9
9742,9
9743,9
9744,9
9745,9
9746,9
9747,9
9748,9
9749,9
9750,9
9751,9
9752,5
9753,9
9754,9
9755,9
9756,8
9757,9
9758,9
9759,9
9760,9
9761,9
9762,9
9763,9
9764,9
9765,9
9766,9
9767,4
9768,9
9769,9
9770,9
9771,9
9772,9
9773,9
9774,9
9775,9
9776,9
9777,9
9778,9
9779,9
9780,9
9781,9
9782,9
9783,9
9784,1
9785,9
9786,7
9787,9
9788,9
9789,9
9790,9
9791,9
9792,9
9793,9
9794,9
9795,9
9796,9
9797,9
9798,9
9799,9
9800,9
9801,9
9802,9
9803,9
9804,9
9805,9
9806,9
9807,9
9808,9
9809,9
9810,9
9811,9
9812,9
9813,9
9814,9
9815,9
9816,9
9817,7
9818,9
9819,9
9820,9
9821,9
9822,9
9823,7
9824,7
9825,9
9826,9
9827,5
9828,0
9829,9
9830,9
9831,9
9832,9
9833,9
9834,9
9835,9
9836,9
9837,9
9838,9
9839,9
9840,9
9841,9
9842,0
9843,7
9844,9
9845,9
9846,9
9847,9
9848,9
9849,4
9850,9
9851,9
9852,4
9853,7
9854,9
9855,9
9856,9
9857,9
9858,9
9859,9
9860,9
9861,9
9862,5
9863,9
9864,9
9865,9
9866,9
9867,9
9868,9
9869,9
9870,9
9871,9
9872,9
9873,9
9874,9
9875,9
9876,9
9877,9
9878,9
9879,9
9880,9
9881,9
9882,9
9883,9
9884,9
9885,9
9886,9
9887,9
9888,9
9889,9
9890,9
9891,9
9892,9
9893,9
9894,9
9895,9
9896,9
9897,9
9898,9
9899,9
9900,9
9901,9
9902,9
9903,9
9904,9
9905,9
9906,9
9907,9
9908,9
9909,9
9910,9
9911,9
9912,4
9913,9
9914,9
9915,9
9916,9
9917,9
9918,9
9919,9
9920,9
9921,9
9922,9
9923,9
9924,9
9925,9
9926,9
9927,9
9928,9
9929,9
9930,9
9931,9
9932,9
9933,9
9934,7
9935,9
9936,9
9937,9
9938,9
9939,9
9940,9
9941,9
9942,9
9943,9
9944,9
9945,9
9946,9
9947,9
9948,9
9949,9
9950,9
9951,9
9952,9
9953,9
9954,9
9955,9
9956,9
9957,9
9958,8
9959,9
9960,8
9961,9
9962,7
9963,9
9964,7
9965,9
9966,9
9967,9
9968,4
9969,9
9970,9
9971,9
9972,7
9973,9
9974,9
9975,9
9976,4
9977,9
9978,7
9979,9
9980,8
9981,9
9982,9
9983,7
9984,9
9985,9
9986,9
9987,4
9988,9
9989,9
9990,3
9991,3
9992,4
9993,9
9994,4
9995,9
9996,9
9997,9
9998,9
9999,9
10000,9
